csv-train_loss_step,step,csv-epoch,csv-val_loss_step,csv-val_loss_epoch,csv-accuracy/validator,csv-train_loss_epoch,csv-accuracy/exact
3.890273094177246,0,0,,,,,
3.6657650470733643,1,0,,,,,
3.5264999866485596,2,0,,,,,
3.5876872539520264,3,0,,,,,
3.353626012802124,4,0,,,,,
3.0219926834106445,5,0,,,,,
2.9582085609436035,6,0,,,,,
2.8428149223327637,7,0,,,,,
2.4203460216522217,8,0,,,,,
2.9376118183135986,9,0,,,,,
2.652017831802368,10,0,,,,,
2.8978805541992188,11,0,,,,,
2.324962854385376,12,0,,,,,
2.6023175716400146,13,0,,,,,
2.5664703845977783,14,0,,,,,
2.367719888687134,15,0,,,,,
2.2177505493164062,16,0,,,,,
2.1095614433288574,17,0,,,,,
2.3928439617156982,18,0,,,,,
2.0258946418762207,19,0,,,,,
2.204723358154297,20,0,,,,,
2.108386278152466,21,0,,,,,
2.129969596862793,22,0,,,,,
1.8985258340835571,23,0,,,,,
1.9658900499343872,24,0,,,,,
1.8420268297195435,25,0,,,,,
1.9283186197280884,26,0,,,,,
1.8147940635681152,27,0,,,,,
2.069600820541382,28,0,,,,,
1.7435919046401978,29,0,,,,,
2.1600663661956787,30,0,,,,,
1.7832611799240112,31,0,,,,,
1.6988999843597412,32,0,,,,,
1.6274577379226685,33,0,,,,,
1.5934922695159912,34,0,,,,,
1.4834823608398438,35,0,,,,,
1.572843074798584,36,0,,,,,
1.7299370765686035,37,0,,,,,
1.5185438394546509,38,0,,,,,
1.8426225185394287,39,0,,,,,
,0,,1.3403589725494385,,,,
,1,,1.1984519958496094,,,,
,2,,1.7074605226516724,,,,
,3,,1.1323530673980713,,,,
,4,,1.3213467597961426,,,,
,39,0,,1.3399943113327026,,,
,39,0,,,0.0,2.326967239379883,0.0
1.6550127267837524,40,1,,,,,
1.8234976530075073,41,1,,,,,
1.6824179887771606,42,1,,,,,
1.562848687171936,43,1,,,,,
1.4142467975616455,44,1,,,,,
1.7798576354980469,45,1,,,,,
1.3927308320999146,46,1,,,,,
1.5045101642608643,47,1,,,,,
1.3746923208236694,48,1,,,,,
1.438765048980713,49,1,,,,,
1.471569538116455,50,1,,,,,
1.44206964969635,51,1,,,,,
1.3656073808670044,52,1,,,,,
1.4369022846221924,53,1,,,,,
1.5584373474121094,54,1,,,,,
1.4120283126831055,55,1,,,,,
1.2004503011703491,56,1,,,,,
1.2893879413604736,57,1,,,,,
1.283258080482483,58,1,,,,,
1.5195691585540771,59,1,,,,,
1.62489652633667,60,1,,,,,
1.2443745136260986,61,1,,,,,
1.6265591382980347,62,1,,,,,
1.5458126068115234,63,1,,,,,
1.37705659866333,64,1,,,,,
1.366357445716858,65,1,,,,,
1.3595367670059204,66,1,,,,,
1.5167509317398071,67,1,,,,,
1.3972729444503784,68,1,,,,,
1.3938541412353516,69,1,,,,,
1.398354172706604,70,1,,,,,
1.3149807453155518,71,1,,,,,
1.205306887626648,72,1,,,,,
1.4830628633499146,73,1,,,,,
1.568415641784668,74,1,,,,,
1.2568665742874146,75,1,,,,,
1.2037800550460815,76,1,,,,,
1.2426402568817139,77,1,,,,,
1.2596049308776855,78,1,,,,,
1.4590892791748047,79,1,,,,,
,5,,1.0049681663513184,,,,
,6,,0.8840677738189697,,,,
,7,,1.251968502998352,,,,
,8,,0.8323825597763062,,,,
,9,,0.9867942333221436,,,,
,79,1,,0.9920362234115601,,,
,79,1,,,0.0,1.4363110065460205,0.0
1.2799599170684814,80,2,,,,,
1.116023063659668,81,2,,,,,
1.1599762439727783,82,2,,,,,
1.2150195837020874,83,2,,,,,
1.5696481466293335,84,2,,,,,
1.1694692373275757,85,2,,,,,
1.3285777568817139,86,2,,,,,
1.2566686868667603,87,2,,,,,
1.3450636863708496,88,2,,,,,
1.1271929740905762,89,2,,,,,
1.2827173471450806,90,2,,,,,
1.287987232208252,91,2,,,,,
1.2923322916030884,92,2,,,,,
1.1750646829605103,93,2,,,,,
1.0916870832443237,94,2,,,,,
1.5776480436325073,95,2,,,,,
1.3947020769119263,96,2,,,,,
1.1438289880752563,97,2,,,,,
1.1136471033096313,98,2,,,,,
1.054025411605835,99,2,,,,,
1.2647199630737305,100,2,,,,,
1.1656657457351685,101,2,,,,,
1.243024230003357,102,2,,,,,
1.3773726224899292,103,2,,,,,
1.0502079725265503,104,2,,,,,
1.127999186515808,105,2,,,,,
1.2908523082733154,106,2,,,,,
0.9694828391075134,107,2,,,,,
1.135689616203308,108,2,,,,,
1.092325210571289,109,2,,,,,
1.1648114919662476,110,2,,,,,
1.2404166460037231,111,2,,,,,
0.9607501029968262,112,2,,,,,
1.0904040336608887,113,2,,,,,
1.2273253202438354,114,2,,,,,
1.1324551105499268,115,2,,,,,
1.1287153959274292,116,2,,,,,
0.9254624843597412,117,2,,,,,
1.1396021842956543,118,2,,,,,
0.9951269030570984,119,2,,,,,
,10,,0.6829096674919128,,,,
,11,,0.6724333763122559,,,,
,12,,0.9763588905334473,,,,
,13,,0.6339793801307678,,,,
,14,,0.7552227973937988,,,,
,119,2,,0.7441807985305786,,,
,119,2,,,0.0,1.1925911903381348,0.0
1.1159874200820923,120,3,,,,,
1.069066047668457,121,3,,,,,
0.918330192565918,122,3,,,,,
1.2407186031341553,123,3,,,,,
1.0153875350952148,124,3,,,,,
1.1512681245803833,125,3,,,,,
0.8897853493690491,126,3,,,,,
1.1812167167663574,127,3,,,,,
0.957429051399231,128,3,,,,,
0.8803038001060486,129,3,,,,,
0.883658230304718,130,3,,,,,
1.184424638748169,131,3,,,,,
1.0390020608901978,132,3,,,,,
0.9000473022460938,133,3,,,,,
0.8918195962905884,134,3,,,,,
0.936601459980011,135,3,,,,,
1.0677683353424072,136,3,,,,,
1.0113691091537476,137,3,,,,,
0.9499334096908569,138,3,,,,,
1.0908303260803223,139,3,,,,,
0.9161128401756287,140,3,,,,,
0.9037827253341675,141,3,,,,,
0.9414719343185425,142,3,,,,,
0.9013797640800476,143,3,,,,,
0.8188540935516357,144,3,,,,,
1.0982064008712769,145,3,,,,,
0.775059163570404,146,3,,,,,
0.924896776676178,147,3,,,,,
0.9337043166160583,148,3,,,,,
0.9847227334976196,149,3,,,,,
1.001988172531128,150,3,,,,,
0.6825008988380432,151,3,,,,,
0.7897569537162781,152,3,,,,,
0.8578294515609741,153,3,,,,,
1.0084437131881714,154,3,,,,,
0.7406057715415955,155,3,,,,,
0.8202154040336609,156,3,,,,,
1.0434807538986206,157,3,,,,,
0.8141321539878845,158,3,,,,,
0.8885940909385681,159,3,,,,,
,15,,0.4014297425746918,,,,
,16,,0.4919045567512512,,,,
,17,,0.8429703116416931,,,,
,18,,0.47233346104621887,,,,
,19,,0.5698632597923279,,,,
,159,3,,0.5557002425193787,,,
,159,3,,,0.02500000037252903,0.9555169939994812,0.0
0.8235369324684143,160,4,,,,,
1.068374752998352,161,4,,,,,
0.8467335104942322,162,4,,,,,
0.6113683581352234,163,4,,,,,
0.7056379914283752,164,4,,,,,
1.0618590116500854,165,4,,,,,
0.8195071816444397,166,4,,,,,
0.6380849480628967,167,4,,,,,
0.890992283821106,168,4,,,,,
0.8618710041046143,169,4,,,,,
0.8629506826400757,170,4,,,,,
0.5975574851036072,171,4,,,,,
0.9363071322441101,172,4,,,,,
0.8212152719497681,173,4,,,,,
0.684500515460968,174,4,,,,,
0.6866641044616699,175,4,,,,,
0.7808096408843994,176,4,,,,,
0.7600412368774414,177,4,,,,,
0.8847771286964417,178,4,,,,,
0.785361647605896,179,4,,,,,
0.7448742389678955,180,4,,,,,
0.901893675327301,181,4,,,,,
0.7662080526351929,182,4,,,,,
0.7551229000091553,183,4,,,,,
0.7543870806694031,184,4,,,,,
0.6447585225105286,185,4,,,,,
0.6218572854995728,186,4,,,,,
0.6936931014060974,187,4,,,,,
0.680977463722229,188,4,,,,,
0.7267186641693115,189,4,,,,,
0.5019055008888245,190,4,,,,,
0.48905813694000244,191,4,,,,,
0.8321414589881897,192,4,,,,,
0.49167346954345703,193,4,,,,,
0.7824133038520813,194,4,,,,,
0.4836134910583496,195,4,,,,,
0.7470774054527283,196,4,,,,,
0.5433807969093323,197,4,,,,,
0.4615766108036041,198,4,,,,,
0.5607787370681763,199,4,,,,,
,20,,0.1858825981616974,,,,
,21,,0.33519473671913147,,,,
,22,,0.6971646547317505,,,,
,23,,0.2636606991291046,,,,
,24,,0.32569292187690735,,,,
,199,4,,0.36151909828186035,,,
,199,4,,,0.15000000596046448,0.7328065037727356,0.15000000596046448
0.7488093376159668,200,5,,,,,
0.5641261339187622,201,5,,,,,
0.8856148719787598,202,5,,,,,
0.4345678389072418,203,5,,,,,
0.6398916840553284,204,5,,,,,
0.5069153308868408,205,5,,,,,
0.6118175387382507,206,5,,,,,
0.6555103063583374,207,5,,,,,
0.6281536817550659,208,5,,,,,
0.49450427293777466,209,5,,,,,
0.6371207237243652,210,5,,,,,
0.8264806866645813,211,5,,,,,
0.6419357061386108,212,5,,,,,
0.8985244631767273,213,5,,,,,
0.6283462047576904,214,5,,,,,
0.5740319490432739,215,5,,,,,
0.5318795442581177,216,5,,,,,
0.4059358537197113,217,5,,,,,
0.5895095467567444,218,5,,,,,
0.6674273610115051,219,5,,,,,
0.5442302823066711,220,5,,,,,
0.6413013339042664,221,5,,,,,
0.4818160831928253,222,5,,,,,
0.6839179396629333,223,5,,,,,
0.38915279507637024,224,5,,,,,
0.48244884610176086,225,5,,,,,
0.4334053099155426,226,5,,,,,
0.4232408404350281,227,5,,,,,
0.7051301002502441,228,5,,,,,
0.2950083613395691,229,5,,,,,
0.3847576975822449,230,5,,,,,
0.3884396553039551,231,5,,,,,
0.3883289098739624,232,5,,,,,
0.580430269241333,233,5,,,,,
0.39697420597076416,234,5,,,,,
0.2995075285434723,235,5,,,,,
0.6026925444602966,236,5,,,,,
0.6194846630096436,237,5,,,,,
0.6477755904197693,238,5,,,,,
0.39006713032722473,239,5,,,,,
,25,,0.08778424561023712,,,,
,26,,0.27041012048721313,,,,
,27,,0.5119552612304688,,,,
,28,,0.19177772104740143,,,,
,29,,0.20484142005443573,,,,
,239,5,,0.2533537447452545,,,
,239,5,,,0.675000011920929,0.5587303042411804,0.5
0.28676483035087585,240,6,,,,,
0.5440171360969543,241,6,,,,,
0.4153701066970825,242,6,,,,,
0.5687190294265747,243,6,,,,,
0.36701056361198425,244,6,,,,,
0.29285338521003723,245,6,,,,,
0.41020846366882324,246,6,,,,,
0.407433420419693,247,6,,,,,
0.5175448060035706,248,6,,,,,
0.4159375727176666,249,6,,,,,
0.5126323103904724,250,6,,,,,
0.3077608644962311,251,6,,,,,
0.529670774936676,252,6,,,,,
0.6022647023200989,253,6,,,,,
0.658600926399231,254,6,,,,,
0.32821187376976013,255,6,,,,,
0.4975529909133911,256,6,,,,,
0.38614314794540405,257,6,,,,,
0.5561620593070984,258,6,,,,,
0.3877783715724945,259,6,,,,,
0.5982060432434082,260,6,,,,,
0.35226261615753174,261,6,,,,,
0.5081101655960083,262,6,,,,,
0.3520605266094208,263,6,,,,,
0.27143222093582153,264,6,,,,,
0.26703065633773804,265,6,,,,,
0.4902101755142212,266,6,,,,,
0.5573632717132568,267,6,,,,,
0.3783929944038391,268,6,,,,,
0.258411169052124,269,6,,,,,
0.40955689549446106,270,6,,,,,
0.3130589723587036,271,6,,,,,
0.35275202989578247,272,6,,,,,
0.21174417436122894,273,6,,,,,
0.32561591267585754,274,6,,,,,
0.7559577822685242,275,6,,,,,
0.3231883645057678,276,6,,,,,
0.6396092176437378,277,6,,,,,
0.41666722297668457,278,6,,,,,
0.22354593873023987,279,6,,,,,
,30,,0.07288077473640442,,,,
,31,,0.2578795552253723,,,,
,32,,0.3594566285610199,,,,
,33,,0.14565762877464294,,,,
,34,,0.13077868521213531,,,,
,279,6,,0.19333064556121826,,,
,279,6,,,0.6000000238418579,0.4249453544616699,0.44999998807907104
0.28332099318504333,280,7,,,,,
0.648781418800354,281,7,,,,,
0.18043245375156403,282,7,,,,,
0.4440478980541229,283,7,,,,,
0.3937053978443146,284,7,,,,,
0.28652215003967285,285,7,,,,,
0.5393619537353516,286,7,,,,,
0.4263264536857605,287,7,,,,,
0.4266195297241211,288,7,,,,,
0.48062199354171753,289,7,,,,,
0.39920008182525635,290,7,,,,,
0.34432128071784973,291,7,,,,,
0.30777427554130554,292,7,,,,,
0.4290551245212555,293,7,,,,,
0.25423121452331543,294,7,,,,,
0.3462429940700531,295,7,,,,,
0.2335747629404068,296,7,,,,,
0.26281601190567017,297,7,,,,,
0.24551177024841309,298,7,,,,,
0.1766238957643509,299,7,,,,,
0.2982591688632965,300,7,,,,,
0.3404095768928528,301,7,,,,,
0.21347349882125854,302,7,,,,,
0.41978445649147034,303,7,,,,,
0.5079418420791626,304,7,,,,,
0.396801620721817,305,7,,,,,
0.21547897160053253,306,7,,,,,
0.4585442841053009,307,7,,,,,
0.23046156764030457,308,7,,,,,
0.5537082552909851,309,7,,,,,
0.3909556567668915,310,7,,,,,
0.13997945189476013,311,7,,,,,
0.34314996004104614,312,7,,,,,
0.321951687335968,313,7,,,,,
0.5596237778663635,314,7,,,,,
0.185160294175148,315,7,,,,,
0.19649957120418549,316,7,,,,,
0.2945016622543335,317,7,,,,,
0.41387179493904114,318,7,,,,,
0.38316890597343445,319,7,,,,,
,35,,0.05885188654065132,,,,
,36,,0.25416380167007446,,,,
,37,,0.30496901273727417,,,,
,38,,0.10844875127077103,,,,
,39,,0.10188562422990799,,,,
,319,7,,0.16566380858421326,,,
,319,7,,,0.7250000238418579,0.3493204712867737,0.5249999761581421
0.28757986426353455,320,8,,,,,
0.4984506070613861,321,8,,,,,
0.4474959969520569,322,8,,,,,
0.5309436321258545,323,8,,,,,
0.2659851014614105,324,8,,,,,
0.20762740075588226,325,8,,,,,
0.3612982928752899,326,8,,,,,
0.28676027059555054,327,8,,,,,
0.3612059950828552,328,8,,,,,
0.28075915575027466,329,8,,,,,
0.42421501874923706,330,8,,,,,
0.22434835135936737,331,8,,,,,
0.2837219536304474,332,8,,,,,
0.208969846367836,333,8,,,,,
0.15901876986026764,334,8,,,,,
0.4078681468963623,335,8,,,,,
0.2070273458957672,336,8,,,,,
0.26485568284988403,337,8,,,,,
0.18329472839832306,338,8,,,,,
0.2775862514972687,339,8,,,,,
0.34122157096862793,340,8,,,,,
0.22883115708827972,341,8,,,,,
0.332133948802948,342,8,,,,,
0.31108564138412476,343,8,,,,,
0.3031962215900421,344,8,,,,,
0.35743358731269836,345,8,,,,,
0.4256463348865509,346,8,,,,,
0.14582690596580505,347,8,,,,,
0.1377580761909485,348,8,,,,,
0.23758825659751892,349,8,,,,,
0.2043169140815735,350,8,,,,,
0.36712613701820374,351,8,,,,,
0.2712787687778473,352,8,,,,,
0.21002136170864105,353,8,,,,,
0.338167279958725,354,8,,,,,
0.12187041342258453,355,8,,,,,
0.1157616600394249,356,8,,,,,
0.4028152823448181,357,8,,,,,
0.3900265693664551,358,8,,,,,
0.22233812510967255,359,8,,,,,
,40,,0.04803432896733284,,,,
,41,,0.24879664182662964,,,,
,42,,0.27831602096557617,,,,
,43,,0.08488725870847702,,,,
,44,,0.0905807688832283,,,,
,359,8,,0.1501230150461197,,,
,359,8,,,0.75,0.2908364236354828,0.574999988079071
0.2797556221485138,360,9,,,,,
0.34836289286613464,361,9,,,,,
0.16941200196743011,362,9,,,,,
0.3137795031070709,363,9,,,,,
0.2968756854534149,364,9,,,,,
0.263469934463501,365,9,,,,,
0.24421103298664093,366,9,,,,,
0.1588171124458313,367,9,,,,,
0.2697511613368988,368,9,,,,,
0.18852555751800537,369,9,,,,,
0.3080954849720001,370,9,,,,,
0.1715320199728012,371,9,,,,,
0.19865235686302185,372,9,,,,,
0.24372245371341705,373,9,,,,,
0.3991275727748871,374,9,,,,,
0.1640060991048813,375,9,,,,,
0.24412401020526886,376,9,,,,,
0.14604395627975464,377,9,,,,,
0.3155989348888397,378,9,,,,,
0.22395071387290955,379,9,,,,,
0.37071701884269714,380,9,,,,,
0.20939600467681885,381,9,,,,,
0.365438848733902,382,9,,,,,
0.1866854429244995,383,9,,,,,
0.3733089566230774,384,9,,,,,
0.238235741853714,385,9,,,,,
0.3478724956512451,386,9,,,,,
0.17529278993606567,387,9,,,,,
0.2999900281429291,388,9,,,,,
0.3307381272315979,389,9,,,,,
0.26884979009628296,390,9,,,,,
0.2585062086582184,391,9,,,,,
0.1354459673166275,392,9,,,,,
0.17693887650966644,393,9,,,,,
0.39067038893699646,394,9,,,,,
0.25714051723480225,395,9,,,,,
0.24628318846225739,396,9,,,,,
0.3061544895172119,397,9,,,,,
0.24130041897296906,398,9,,,,,
0.22127556800842285,399,9,,,,,
,45,,0.047381650656461716,,,,
,46,,0.22389006614685059,,,,
,47,,0.24893808364868164,,,,
,48,,0.08648525178432465,,,,
,49,,0.08349981158971786,,,,
,399,9,,0.13803896307945251,,,
,399,9,,,0.800000011920929,0.2587013840675354,0.574999988079071
0.1516292542219162,400,10,,,,,
0.23120638728141785,401,10,,,,,
0.36151987314224243,402,10,,,,,
0.11563181132078171,403,10,,,,,
0.3521178662776947,404,10,,,,,
0.23945103585720062,405,10,,,,,
0.3096877336502075,406,10,,,,,
0.20782043039798737,407,10,,,,,
0.19230997562408447,408,10,,,,,
0.1924380362033844,409,10,,,,,
0.21008066833019257,410,10,,,,,
0.25459766387939453,411,10,,,,,
0.1721218377351761,412,10,,,,,
0.2272566854953766,413,10,,,,,
0.2749333679676056,414,10,,,,,
0.2593283951282501,415,10,,,,,
0.1551671028137207,416,10,,,,,
0.15899868309497833,417,10,,,,,
0.14750364422798157,418,10,,,,,
0.250068724155426,419,10,,,,,
0.15505638718605042,420,10,,,,,
0.2713223993778229,421,10,,,,,
0.2583470046520233,422,10,,,,,
0.14427097141742706,423,10,,,,,
0.14297018945217133,424,10,,,,,
0.2713930606842041,425,10,,,,,
0.25601089000701904,426,10,,,,,
0.09189961105585098,427,10,,,,,
0.11132373660802841,428,10,,,,,
0.1678234189748764,429,10,,,,,
0.4874638020992279,430,10,,,,,
0.13735486567020416,431,10,,,,,
0.25201043486595154,432,10,,,,,
0.136334627866745,433,10,,,,,
0.3755820095539093,434,10,,,,,
0.33043020963668823,435,10,,,,,
0.324599951505661,436,10,,,,,
0.20669616758823395,437,10,,,,,
0.21261456608772278,438,10,,,,,
0.164644256234169,439,10,,,,,
,50,,0.049648020416498184,,,,
,51,,0.22294679284095764,,,,
,52,,0.25203511118888855,,,,
,53,,0.09208754450082779,,,,
,54,,0.08054066449403763,,,,
,439,10,,0.13945163786411285,,,
,439,10,,,0.75,0.22405044734477997,0.4749999940395355
0.19084785878658295,440,11,,,,,
0.23180492222309113,441,11,,,,,
0.19454239308834076,442,11,,,,,
0.28464484214782715,443,11,,,,,
0.15519294142723083,444,11,,,,,
0.10439801216125488,445,11,,,,,
0.2263288050889969,446,11,,,,,
0.33377572894096375,447,11,,,,,
0.31973975896835327,448,11,,,,,
0.17671194672584534,449,11,,,,,
0.27523207664489746,450,11,,,,,
0.0834331214427948,451,11,,,,,
0.20408108830451965,452,11,,,,,
0.15204420685768127,453,11,,,,,
0.06792273372411728,454,11,,,,,
0.1964929848909378,455,11,,,,,
0.20627368986606598,456,11,,,,,
0.4012410044670105,457,11,,,,,
0.22061949968338013,458,11,,,,,
0.34399285912513733,459,11,,,,,
0.16112364828586578,460,11,,,,,
0.14521679282188416,461,11,,,,,
0.20396068692207336,462,11,,,,,
0.30401724576950073,463,11,,,,,
0.24990695714950562,464,11,,,,,
0.2004736065864563,465,11,,,,,
0.20006293058395386,466,11,,,,,
0.23997648060321808,467,11,,,,,
0.19538941979408264,468,11,,,,,
0.18112310767173767,469,11,,,,,
0.338920921087265,470,11,,,,,
0.23192198574543,471,11,,,,,
0.21112065017223358,472,11,,,,,
0.18926748633384705,473,11,,,,,
0.2042219638824463,474,11,,,,,
0.15335729718208313,475,11,,,,,
0.18371665477752686,476,11,,,,,
0.25193607807159424,477,11,,,,,
0.12208330631256104,478,11,,,,,
0.10309194773435593,479,11,,,,,
,55,,0.04629483073949814,,,,
,56,,0.22369280457496643,,,,
,57,,0.22324863076210022,,,,
,58,,0.07221053540706635,,,,
,59,,0.07047078013420105,,,,
,479,11,,0.12718351185321808,,,
,479,11,,,0.800000011920929,0.2110052853822708,0.550000011920929
0.27901747822761536,480,12,,,,,
0.17861871421337128,481,12,,,,,
0.16321563720703125,482,12,,,,,
0.15488183498382568,483,12,,,,,
0.11165577173233032,484,12,,,,,
0.3253170847892761,485,12,,,,,
0.12576411664485931,486,12,,,,,
0.24799299240112305,487,12,,,,,
0.11873099952936172,488,12,,,,,
0.17424266040325165,489,12,,,,,
0.18040868639945984,490,12,,,,,
0.11564350873231888,491,12,,,,,
0.21433350443840027,492,12,,,,,
0.12365889549255371,493,12,,,,,
0.05008905008435249,494,12,,,,,
0.20764829218387604,495,12,,,,,
0.2560727298259735,496,12,,,,,
0.22002440690994263,497,12,,,,,
0.15179376304149628,498,12,,,,,
0.18243330717086792,499,12,,,,,
0.20456251502037048,500,12,,,,,
0.18375501036643982,501,12,,,,,
0.2574143409729004,502,12,,,,,
0.2020241618156433,503,12,,,,,
0.22991213202476501,504,12,,,,,
0.1629389524459839,505,12,,,,,
0.09298934042453766,506,12,,,,,
0.24287885427474976,507,12,,,,,
0.2970519959926605,508,12,,,,,
0.24937795102596283,509,12,,,,,
0.3187001049518585,510,12,,,,,
0.09210336953401566,511,12,,,,,
0.14758628606796265,512,12,,,,,
0.1830427348613739,513,12,,,,,
0.1918879896402359,514,12,,,,,
0.2475394308567047,515,12,,,,,
0.15791109204292297,516,12,,,,,
0.25574520230293274,517,12,,,,,
0.31574830412864685,518,12,,,,,
0.18220971524715424,519,12,,,,,
,60,,0.04268110170960426,,,,
,61,,0.22057126462459564,,,,
,62,,0.236662819981575,,,,
,63,,0.08196275681257248,,,,
,64,,0.06982294470071793,,,,
,519,12,,0.13034018874168396,,,
,519,12,,,0.800000011920929,0.19492307305335999,0.574999988079071
0.20895032584667206,520,13,,,,,
0.28854116797447205,521,13,,,,,
0.23875455558300018,522,13,,,,,
0.22629618644714355,523,13,,,,,
0.10797552764415741,524,13,,,,,
0.1649951934814453,525,13,,,,,
0.1014537662267685,526,13,,,,,
0.06342457979917526,527,13,,,,,
0.0910496935248375,528,13,,,,,
0.1549287885427475,529,13,,,,,
0.19706594944000244,530,13,,,,,
0.22736741602420807,531,13,,,,,
0.07824841886758804,532,13,,,,,
0.2330610156059265,533,13,,,,,
0.13814906775951385,534,13,,,,,
0.21066568791866302,535,13,,,,,
0.22532209753990173,536,13,,,,,
0.20302948355674744,537,13,,,,,
0.2173720747232437,538,13,,,,,
0.2932611107826233,539,13,,,,,
0.2005401849746704,540,13,,,,,
0.2593371868133545,541,13,,,,,
0.24986839294433594,542,13,,,,,
0.11817532032728195,543,13,,,,,
0.14230608940124512,544,13,,,,,
0.2715723216533661,545,13,,,,,
0.2591102123260498,546,13,,,,,
0.2669687867164612,547,13,,,,,
0.2067449986934662,548,13,,,,,
0.2033899426460266,549,13,,,,,
0.20534710586071014,550,13,,,,,
0.21466664969921112,551,13,,,,,
0.15831777453422546,552,13,,,,,
0.09691154956817627,553,13,,,,,
0.14715370535850525,554,13,,,,,
0.2285022735595703,555,13,,,,,
0.15066468715667725,556,13,,,,,
0.1641533523797989,557,13,,,,,
0.21327200531959534,558,13,,,,,
0.15145818889141083,559,13,,,,,
,65,,0.04480208456516266,,,,
,66,,0.2005777209997177,,,,
,67,,0.2147536277770996,,,,
,68,,0.07148602604866028,,,,
,69,,0.06333531439304352,,,,
,559,13,,0.1189909428358078,,,
,559,13,,,0.875,0.18945935368537903,0.625
0.18241441249847412,560,14,,,,,
0.2604067027568817,561,14,,,,,
0.19072355329990387,562,14,,,,,
0.222249835729599,563,14,,,,,
0.16291317343711853,564,14,,,,,
0.14357225596904755,565,14,,,,,
0.20108135044574738,566,14,,,,,
0.09946150332689285,567,14,,,,,
0.19680720567703247,568,14,,,,,
0.08497659116983414,569,14,,,,,
0.21875591576099396,570,14,,,,,
0.06811805814504623,571,14,,,,,
0.22428320348262787,572,14,,,,,
0.15538060665130615,573,14,,,,,
0.2279273122549057,574,14,,,,,
0.19442369043827057,575,14,,,,,
0.1306903213262558,576,14,,,,,
0.3484457731246948,577,14,,,,,
0.2627861201763153,578,14,,,,,
0.13403922319412231,579,14,,,,,
0.14541220664978027,580,14,,,,,
0.1830596774816513,581,14,,,,,
0.1895587146282196,582,14,,,,,
0.08331649750471115,583,14,,,,,
0.1771950125694275,584,14,,,,,
0.12251506745815277,585,14,,,,,
0.21115808188915253,586,14,,,,,
0.18589653074741364,587,14,,,,,
0.11419006437063217,588,14,,,,,
0.05852659419178963,589,14,,,,,
0.19950956106185913,590,14,,,,,
0.11254168301820755,591,14,,,,,
0.44175806641578674,592,14,,,,,
0.16771075129508972,593,14,,,,,
0.28485310077667236,594,14,,,,,
0.2013273984193802,595,14,,,,,
0.056554872542619705,596,14,,,,,
0.029309140518307686,597,14,,,,,
0.20466262102127075,598,14,,,,,
0.16727137565612793,599,14,,,,,
,70,,0.03275468200445175,,,,
,71,,0.2671089172363281,,,,
,72,,0.20753461122512817,,,,
,73,,0.08163890242576599,,,,
,74,,0.05494004860520363,,,,
,599,14,,0.12879544496536255,,,
,599,14,,,0.875,0.1761445701122284,0.6499999761581421
0.13069024682044983,600,15,,,,,
0.13568295538425446,601,15,,,,,
0.2502179443836212,602,15,,,,,
0.06860591471195221,603,15,,,,,
0.07117457687854767,604,15,,,,,
0.15095238387584686,605,15,,,,,
0.10822515934705734,606,15,,,,,
0.1556081920862198,607,15,,,,,
0.18854132294654846,608,15,,,,,
0.12012707442045212,609,15,,,,,
0.11337776482105255,610,15,,,,,
0.3588597774505615,611,15,,,,,
0.15444383025169373,612,15,,,,,
0.20152616500854492,613,15,,,,,
0.2440698891878128,614,15,,,,,
0.11626707762479782,615,15,,,,,
0.10713033378124237,616,15,,,,,
0.19379864633083344,617,15,,,,,
0.10624122619628906,618,15,,,,,
0.18506580591201782,619,15,,,,,
0.16210132837295532,620,15,,,,,
0.18523240089416504,621,15,,,,,
0.11475351452827454,622,15,,,,,
0.22192227840423584,623,15,,,,,
0.194558247923851,624,15,,,,,
0.12363231182098389,625,15,,,,,
0.086361825466156,626,15,,,,,
0.09071968495845795,627,15,,,,,
0.15877006947994232,628,15,,,,,
0.18423840403556824,629,15,,,,,
0.17597828805446625,630,15,,,,,
0.25772371888160706,631,15,,,,,
0.22851911187171936,632,15,,,,,
0.08706282824277878,633,15,,,,,
0.16544488072395325,634,15,,,,,
0.18351365625858307,635,15,,,,,
0.2698647379875183,636,15,,,,,
0.09276341646909714,637,15,,,,,
0.14673402905464172,638,15,,,,,
0.09298756718635559,639,15,,,,,
,75,,0.03535165265202522,,,,
,76,,0.26139068603515625,,,,
,77,,0.2012910544872284,,,,
,78,,0.09073049575090408,,,,
,79,,0.07452062517404556,,,,
,639,15,,0.13265690207481384,,,
,639,15,,,0.875,0.15958720445632935,0.6000000238418579
0.1461302489042282,640,16,,,,,
0.1059020608663559,641,16,,,,,
0.06969379633665085,642,16,,,,,
0.14293210208415985,643,16,,,,,
0.2103491872549057,644,16,,,,,
0.11515515297651291,645,16,,,,,
0.24401195347309113,646,16,,,,,
0.16754408180713654,647,16,,,,,
0.09781387448310852,648,16,,,,,
0.17431040108203888,649,16,,,,,
0.2619033455848694,650,16,,,,,
0.08532103896141052,651,16,,,,,
0.11905980110168457,652,16,,,,,
0.1677490621805191,653,16,,,,,
0.22585010528564453,654,16,,,,,
0.1599157154560089,655,16,,,,,
0.1481630802154541,656,16,,,,,
0.1913241744041443,657,16,,,,,
0.09221700578927994,658,16,,,,,
0.21754394471645355,659,16,,,,,
0.1489485502243042,660,16,,,,,
0.10562406480312347,661,16,,,,,
0.059947989881038666,662,16,,,,,
0.2718491554260254,663,16,,,,,
0.20554900169372559,664,16,,,,,
0.20132169127464294,665,16,,,,,
0.1899852603673935,666,16,,,,,
0.16038161516189575,667,16,,,,,
0.17541879415512085,668,16,,,,,
0.1316625475883484,669,16,,,,,
0.10516563802957535,670,16,,,,,
0.11551656574010849,671,16,,,,,
0.20152586698532104,672,16,,,,,
0.18680234253406525,673,16,,,,,
0.12375501543283463,674,16,,,,,
0.13634085655212402,675,16,,,,,
0.11095289885997772,676,16,,,,,
0.06420150399208069,677,16,,,,,
0.0656428262591362,678,16,,,,,
0.26742202043533325,679,16,,,,,
,80,,0.03019777499139309,,,,
,81,,0.2468433976173401,,,,
,82,,0.18574540317058563,,,,
,83,,0.0847451239824295,,,,
,84,,0.06421837210655212,,,,
,679,16,,0.12234999984502792,,,
,679,16,,,0.875,0.15427258610725403,0.625
0.12486571818590164,680,17,,,,,
0.16549237072467804,681,17,,,,,
0.16093206405639648,682,17,,,,,
0.17481839656829834,683,17,,,,,
0.20140470564365387,684,17,,,,,
0.08643133193254471,685,17,,,,,
0.18483032286167145,686,17,,,,,
0.1461842954158783,687,17,,,,,
0.1923639178276062,688,17,,,,,
0.17687101662158966,689,17,,,,,
0.11553798615932465,690,17,,,,,
0.12036779522895813,691,17,,,,,
0.2647892236709595,692,17,,,,,
0.19547615945339203,693,17,,,,,
0.1791526824235916,694,17,,,,,
0.16363155841827393,695,17,,,,,
0.21657593548297882,696,17,,,,,
0.12364614009857178,697,17,,,,,
0.11357633024454117,698,17,,,,,
0.14409008622169495,699,17,,,,,
0.14471212029457092,700,17,,,,,
0.08524667471647263,701,17,,,,,
0.15818628668785095,702,17,,,,,
0.11452588438987732,703,17,,,,,
0.11506611108779907,704,17,,,,,
0.22602953016757965,705,17,,,,,
0.10636550933122635,706,17,,,,,
0.21213825047016144,707,17,,,,,
0.2018895000219345,708,17,,,,,
0.19400352239608765,709,17,,,,,
0.11537403613328934,710,17,,,,,
0.1983613222837448,711,17,,,,,
0.1504768282175064,712,17,,,,,
0.1573357731103897,713,17,,,,,
0.22909533977508545,714,17,,,,,
0.1103060245513916,715,17,,,,,
0.07370909303426743,716,17,,,,,
0.19762971997261047,717,17,,,,,
0.09597621113061905,718,17,,,,,
0.1228003203868866,719,17,,,,,
,85,,0.03243632614612579,,,,
,86,,0.19159895181655884,,,,
,87,,0.19420944154262543,,,,
,88,,0.05773036926984787,,,,
,89,,0.04624629393219948,,,,
,719,17,,0.10444428026676178,,,
,719,17,,,0.8999999761581421,0.15650667250156403,0.6499999761581421
0.09667691588401794,720,18,,,,,
0.15030281245708466,721,18,,,,,
0.06967832893133163,722,18,,,,,
0.15325325727462769,723,18,,,,,
0.1892048716545105,724,18,,,,,
0.14746741950511932,725,18,,,,,
0.08531024307012558,726,18,,,,,
0.09031965583562851,727,18,,,,,
0.1425190269947052,728,18,,,,,
0.23098161816596985,729,18,,,,,
0.14899365603923798,730,18,,,,,
0.14176355302333832,731,18,,,,,
0.11742166429758072,732,18,,,,,
0.150350421667099,733,18,,,,,
0.16420038044452667,734,18,,,,,
0.12491140514612198,735,18,,,,,
0.07780771702528,736,18,,,,,
0.23704202473163605,737,18,,,,,
0.1513795703649521,738,18,,,,,
0.2340925633907318,739,18,,,,,
0.12554842233657837,740,18,,,,,
0.1352357566356659,741,18,,,,,
0.15819910168647766,742,18,,,,,
0.1815592497587204,743,18,,,,,
0.07675681263208389,744,18,,,,,
0.10554833710193634,745,18,,,,,
0.1418963074684143,746,18,,,,,
0.21596480906009674,747,18,,,,,
0.11547449231147766,748,18,,,,,
0.10972131788730621,749,18,,,,,
0.11082660406827927,750,18,,,,,
0.16666236519813538,751,18,,,,,
0.14473691582679749,752,18,,,,,
0.12153300642967224,753,18,,,,,
0.15315544605255127,754,18,,,,,
0.08838856220245361,755,18,,,,,
0.12795959413051605,756,18,,,,,
0.11321656405925751,757,18,,,,,
0.057573530822992325,758,18,,,,,
0.21683867275714874,759,18,,,,,
,90,,0.029593005776405334,,,,
,91,,0.20776225626468658,,,,
,92,,0.16362981498241425,,,,
,93,,0.05838280916213989,,,,
,94,,0.05328929051756859,,,,
,759,18,,0.10253143310546875,,,
,759,18,,,0.8500000238418579,0.13926179707050323,0.6000000238418579
0.08956722170114517,760,19,,,,,
0.05239863321185112,761,19,,,,,
0.05852208659052849,762,19,,,,,
0.11324576288461685,763,19,,,,,
0.20877507328987122,764,19,,,,,
0.09861168265342712,765,19,,,,,
0.03773244842886925,766,19,,,,,
0.09642565250396729,767,19,,,,,
0.07711351662874222,768,19,,,,,
0.12028645724058151,769,19,,,,,
0.17754539847373962,770,19,,,,,
0.10524013638496399,771,19,,,,,
0.15337210893630981,772,19,,,,,
0.13272419571876526,773,19,,,,,
0.19274426996707916,774,19,,,,,
0.19612260162830353,775,19,,,,,
0.1188594326376915,776,19,,,,,
0.10382583737373352,777,19,,,,,
0.11421756446361542,778,19,,,,,
0.0941721722483635,779,19,,,,,
0.04595058783888817,780,19,,,,,
0.13183483481407166,781,19,,,,,
0.0710204690694809,782,19,,,,,
0.17461320757865906,783,19,,,,,
0.21864445507526398,784,19,,,,,
0.11924539506435394,785,19,,,,,
0.1847042441368103,786,19,,,,,
0.10882393270730972,787,19,,,,,
0.07205316424369812,788,19,,,,,
0.11338204890489578,789,19,,,,,
0.14950358867645264,790,19,,,,,
0.0730089396238327,791,19,,,,,
0.14664389193058014,792,19,,,,,
0.18227434158325195,793,19,,,,,
0.13803066313266754,794,19,,,,,
0.09571439027786255,795,19,,,,,
0.1564198136329651,796,19,,,,,
0.1413552314043045,797,19,,,,,
0.06328288465738297,798,19,,,,,
0.04467674344778061,799,19,,,,,
,95,,0.025195281952619553,,,,
,96,,0.21740564703941345,,,,
,97,,0.21868333220481873,,,,
,98,,0.07130959630012512,,,,
,99,,0.06404038518667221,,,,
,799,19,,0.11932684481143951,,,
,799,19,,,0.875,0.11931712925434113,0.6499999761581421
0.2387954443693161,800,20,,,,,
0.19803419709205627,801,20,,,,,
0.12746647000312805,802,20,,,,,
0.06741311401128769,803,20,,,,,
0.15910600125789642,804,20,,,,,
0.22540074586868286,805,20,,,,,
0.04742010310292244,806,20,,,,,
0.10852093249559402,807,20,,,,,
0.053121261298656464,808,20,,,,,
0.16440674662590027,809,20,,,,,
0.13420097529888153,810,20,,,,,
0.07059027254581451,811,20,,,,,
0.07879127562046051,812,20,,,,,
0.09609658271074295,813,20,,,,,
0.08563060313463211,814,20,,,,,
0.023722073063254356,815,20,,,,,
0.16308386623859406,816,20,,,,,
0.08519960194826126,817,20,,,,,
0.19083400070667267,818,20,,,,,
0.12473322451114655,819,20,,,,,
0.13227783143520355,820,20,,,,,
0.10408204793930054,821,20,,,,,
0.15887847542762756,822,20,,,,,
0.1867707073688507,823,20,,,,,
0.08118291199207306,824,20,,,,,
0.11018487811088562,825,20,,,,,
0.21375180780887604,826,20,,,,,
0.13015608489513397,827,20,,,,,
0.08426497131586075,828,20,,,,,
0.19611187279224396,829,20,,,,,
0.09497413784265518,830,20,,,,,
0.15029272437095642,831,20,,,,,
0.10245861113071442,832,20,,,,,
0.05369053781032562,833,20,,,,,
0.12015280872583389,834,20,,,,,
0.12458153069019318,835,20,,,,,
0.0774049386382103,836,20,,,,,
0.1340431571006775,837,20,,,,,
0.1721612960100174,838,20,,,,,
0.08376092463731766,839,20,,,,,
,100,,0.027308544144034386,,,,
,101,,0.19665326178073883,,,,
,102,,0.17929944396018982,,,,
,103,,0.050852131098508835,,,,
,104,,0.054346051067113876,,,,
,839,20,,0.10169187933206558,,,
,839,20,,,0.8999999761581421,0.1238437294960022,0.675000011920929
0.0842711552977562,840,21,,,,,
0.12525823712348938,841,21,,,,,
0.2017408311367035,842,21,,,,,
0.14230558276176453,843,21,,,,,
0.07406297326087952,844,21,,,,,
0.10271553695201874,845,21,,,,,
0.17939874529838562,846,21,,,,,
0.13477744162082672,847,21,,,,,
0.09954971820116043,848,21,,,,,
0.16040459275245667,849,21,,,,,
0.08310257643461227,850,21,,,,,
0.15623386204242706,851,21,,,,,
0.12265707552433014,852,21,,,,,
0.07238538563251495,853,21,,,,,
0.1481153517961502,854,21,,,,,
0.13862420618534088,855,21,,,,,
0.11977235227823257,856,21,,,,,
0.0776248350739479,857,21,,,,,
0.11209999024868011,858,21,,,,,
0.07904013991355896,859,21,,,,,
0.1424674093723297,860,21,,,,,
0.0867328867316246,861,21,,,,,
0.11216413229703903,862,21,,,,,
0.10874713957309723,863,21,,,,,
0.06462355703115463,864,21,,,,,
0.08173654973506927,865,21,,,,,
0.13217848539352417,866,21,,,,,
0.15274092555046082,867,21,,,,,
0.07986917346715927,868,21,,,,,
0.22225575149059296,869,21,,,,,
0.03884974867105484,870,21,,,,,
0.14573721587657928,871,21,,,,,
0.09291418641805649,872,21,,,,,
0.08215764164924622,873,21,,,,,
0.11872369796037674,874,21,,,,,
0.13185261189937592,875,21,,,,,
0.10779624432325363,876,21,,,,,
0.1431715190410614,877,21,,,,,
0.13142165541648865,878,21,,,,,
0.1273689568042755,879,21,,,,,
,105,,0.028394052758812904,,,,
,106,,0.1938723623752594,,,,
,107,,0.16902926564216614,,,,
,108,,0.04245162382721901,,,,
,109,,0.029589811339974403,,,,
,879,21,,0.09266741573810577,,,
,879,21,,,0.8999999761581421,0.1179412454366684,0.699999988079071
0.13946005702018738,880,22,,,,,
0.15313345193862915,881,22,,,,,
0.2143176794052124,882,22,,,,,
0.13738712668418884,883,22,,,,,
0.045601364225149155,884,22,,,,,
0.10861360281705856,885,22,,,,,
0.11016363650560379,886,22,,,,,
0.178207129240036,887,22,,,,,
0.08457982540130615,888,22,,,,,
0.062273237854242325,889,22,,,,,
0.20447394251823425,890,22,,,,,
0.0822366252541542,891,22,,,,,
0.10897309333086014,892,22,,,,,
0.0874389186501503,893,22,,,,,
0.04640715941786766,894,22,,,,,
0.08003270626068115,895,22,,,,,
0.0681883841753006,896,22,,,,,
0.07083650678396225,897,22,,,,,
0.15884730219841003,898,22,,,,,
0.14066468179225922,899,22,,,,,
0.12741424143314362,900,22,,,,,
0.21013765037059784,901,22,,,,,
0.027739986777305603,902,22,,,,,
0.13351993262767792,903,22,,,,,
0.14928768575191498,904,22,,,,,
0.07335317879915237,905,22,,,,,
0.2199869155883789,906,22,,,,,
0.10540847480297089,907,22,,,,,
0.03467833623290062,908,22,,,,,
0.14877285063266754,909,22,,,,,
0.09158042818307877,910,22,,,,,
0.0721929594874382,911,22,,,,,
0.0839848667383194,912,22,,,,,
0.14867083728313446,913,22,,,,,
0.06520114839076996,914,22,,,,,
0.1440402716398239,915,22,,,,,
0.1667555868625641,916,22,,,,,
0.0870402380824089,917,22,,,,,
0.11838848143815994,918,22,,,,,
0.07821863889694214,919,22,,,,,
,110,,0.030115477740764618,,,,
,111,,0.1856914758682251,,,,
,112,,0.17554745078086853,,,,
,113,,0.04427977651357651,,,,
,114,,0.04168987646698952,,,,
,919,22,,0.0954648107290268,,,
,919,22,,,0.8999999761581421,0.11420522630214691,0.699999988079071
0.07266748696565628,920,23,,,,,
0.03488025814294815,921,23,,,,,
0.10826081037521362,922,23,,,,,
0.08739407360553741,923,23,,,,,
0.10072275251150131,924,23,,,,,
0.15285201370716095,925,23,,,,,
0.14039145410060883,926,23,,,,,
0.16404633224010468,927,23,,,,,
0.07556582242250443,928,23,,,,,
0.1401679813861847,929,23,,,,,
0.07288895547389984,930,23,,,,,
0.14718960225582123,931,23,,,,,
0.10367538034915924,932,23,,,,,
0.09090638160705566,933,23,,,,,
0.07528038322925568,934,23,,,,,
0.10450214147567749,935,23,,,,,
0.13177764415740967,936,23,,,,,
0.07762234658002853,937,23,,,,,
0.08493369817733765,938,23,,,,,
0.19607357680797577,939,23,,,,,
0.0449652373790741,940,23,,,,,
0.03871672973036766,941,23,,,,,
0.16264648735523224,942,23,,,,,
0.19749899208545685,943,23,,,,,
0.27684885263442993,944,23,,,,,
0.15121735632419586,945,23,,,,,
0.09999147057533264,946,23,,,,,
0.03093017265200615,947,23,,,,,
0.06445110589265823,948,23,,,,,
0.1583258956670761,949,23,,,,,
0.06913651525974274,950,23,,,,,
0.06957773864269257,951,23,,,,,
0.13757139444351196,952,23,,,,,
0.16842253506183624,953,23,,,,,
0.08840382099151611,954,23,,,,,
0.05330974608659744,955,23,,,,,
0.0712299793958664,956,23,,,,,
0.14998561143875122,957,23,,,,,
0.08314424008131027,958,23,,,,,
0.05512341111898422,959,23,,,,,
,115,,0.025324881076812744,,,,
,116,,0.19537489116191864,,,,
,117,,0.18445396423339844,,,,
,118,,0.05706968531012535,,,,
,119,,0.029798733070492744,,,,
,959,23,,0.09840443730354309,,,
,959,23,,,0.875,0.10833243280649185,0.675000011920929
0.12540951371192932,960,24,,,,,
0.11525758355855942,961,24,,,,,
0.10212251543998718,962,24,,,,,
0.06630602478981018,963,24,,,,,
0.1605404168367386,964,24,,,,,
0.08485613763332367,965,24,,,,,
0.09310709685087204,966,24,,,,,
0.08871828019618988,967,24,,,,,
0.13406974077224731,968,24,,,,,
0.1299801915884018,969,24,,,,,
0.0583433136343956,970,24,,,,,
0.044222891330718994,971,24,,,,,
0.08026684820652008,972,24,,,,,
0.15533652901649475,973,24,,,,,
0.11289288848638535,974,24,,,,,
0.1343543976545334,975,24,,,,,
0.14735513925552368,976,24,,,,,
0.13835878670215607,977,24,,,,,
0.11344634741544724,978,24,,,,,
0.030008511617779732,979,24,,,,,
0.08861862123012543,980,24,,,,,
0.06457630544900894,981,24,,,,,
0.10336825996637344,982,24,,,,,
0.10396445542573929,983,24,,,,,
0.0707656666636467,984,24,,,,,
0.11138265579938889,985,24,,,,,
0.08074267208576202,986,24,,,,,
0.10782993584871292,987,24,,,,,
0.13212426006793976,988,24,,,,,
0.09235213696956635,989,24,,,,,
0.1097647100687027,990,24,,,,,
0.08874989300966263,991,24,,,,,
0.10889715701341629,992,24,,,,,
0.11849712580442429,993,24,,,,,
0.07260476797819138,994,24,,,,,
0.08767030388116837,995,24,,,,,
0.1638781875371933,996,24,,,,,
0.1008094921708107,997,24,,,,,
0.10713530331850052,998,24,,,,,
0.07589862495660782,999,24,,,,,
,120,,0.023670976981520653,,,,
,121,,0.20202945172786713,,,,
,122,,0.1613941490650177,,,,
,123,,0.060410428792238235,,,,
,124,,0.032569561153650284,,,,
,999,24,,0.09601490944623947,,,
,999,24,,,0.824999988079071,0.10261460393667221,0.6499999761581421
0.17110620439052582,1000,25,,,,,
0.12106797844171524,1001,25,,,,,
0.13193807005882263,1002,25,,,,,
0.1390126347541809,1003,25,,,,,
0.09776383638381958,1004,25,,,,,
0.09782297164201736,1005,25,,,,,
0.046224188059568405,1006,25,,,,,
0.14084555208683014,1007,25,,,,,
0.1461479514837265,1008,25,,,,,
0.16516618430614471,1009,25,,,,,
0.08256133645772934,1010,25,,,,,
0.11166324466466904,1011,25,,,,,
0.08949065953493118,1012,25,,,,,
0.049719490110874176,1013,25,,,,,
0.0782545804977417,1014,25,,,,,
0.17595626413822174,1015,25,,,,,
0.11847726255655289,1016,25,,,,,
0.10254522413015366,1017,25,,,,,
0.05916234850883484,1018,25,,,,,
0.22189751267433167,1019,25,,,,,
0.23682063817977905,1020,25,,,,,
0.08911649137735367,1021,25,,,,,
0.12428149580955505,1022,25,,,,,
0.07592709362506866,1023,25,,,,,
0.023032208904623985,1024,25,,,,,
0.09486816823482513,1025,25,,,,,
0.06560622155666351,1026,25,,,,,
0.11165984719991684,1027,25,,,,,
0.1486140489578247,1028,25,,,,,
0.062811940908432,1029,25,,,,,
0.0777847170829773,1030,25,,,,,
0.06292588263750076,1031,25,,,,,
0.20508483052253723,1032,25,,,,,
0.13557353615760803,1033,25,,,,,
0.058723084628582,1034,25,,,,,
0.07634275406599045,1035,25,,,,,
0.1534835249185562,1036,25,,,,,
0.1278664916753769,1037,25,,,,,
0.1134314090013504,1038,25,,,,,
0.15394283831119537,1039,25,,,,,
,125,,0.0338909775018692,,,,
,126,,0.16891756653785706,,,,
,127,,0.1391945779323578,,,,
,128,,0.02987658977508545,,,,
,129,,0.03663989529013634,,,,
,1039,25,,0.08170391619205475,,,
,1039,25,,,0.949999988079071,0.11361801624298096,0.7250000238418579
0.08769616484642029,1040,26,,,,,
0.19468489289283752,1041,26,,,,,
0.09237363934516907,1042,26,,,,,
0.08799313008785248,1043,26,,,,,
0.07232750952243805,1044,26,,,,,
0.09928397089242935,1045,26,,,,,
0.09979799389839172,1046,26,,,,,
0.08578172326087952,1047,26,,,,,
0.07023614645004272,1048,26,,,,,
0.14975523948669434,1049,26,,,,,
0.10511910170316696,1050,26,,,,,
0.07653601467609406,1051,26,,,,,
0.07564053684473038,1052,26,,,,,
0.09895171225070953,1053,26,,,,,
0.13553087413311005,1054,26,,,,,
0.09960131347179413,1055,26,,,,,
0.13895145058631897,1056,26,,,,,
0.09739607572555542,1057,26,,,,,
0.07500987499952316,1058,26,,,,,
0.07696860283613205,1059,26,,,,,
0.08639830350875854,1060,26,,,,,
0.11167880892753601,1061,26,,,,,
0.07054696977138519,1062,26,,,,,
0.0696820616722107,1063,26,,,,,
0.07365702092647552,1064,26,,,,,
0.13644352555274963,1065,26,,,,,
0.11624100804328918,1066,26,,,,,
0.08902044594287872,1067,26,,,,,
0.07956434041261673,1068,26,,,,,
0.07898279279470444,1069,26,,,,,
0.10821757465600967,1070,26,,,,,
0.10662917047739029,1071,26,,,,,
0.10912349820137024,1072,26,,,,,
0.09004686772823334,1073,26,,,,,
0.09309754520654678,1074,26,,,,,
0.10688807815313339,1075,26,,,,,
0.06416026502847672,1076,26,,,,,
0.06434327363967896,1077,26,,,,,
0.08115717768669128,1078,26,,,,,
0.07788290828466415,1079,26,,,,,
,130,,0.03512808680534363,,,,
,131,,0.1905556321144104,,,,
,132,,0.17018583416938782,,,,
,133,,0.03534644842147827,,,,
,134,,0.04828299209475517,,,,
,1079,26,,0.095899797976017,,,
,1079,26,,,0.7250000238418579,0.09583494067192078,0.574999988079071
0.13514485955238342,1080,27,,,,,
0.041066333651542664,1081,27,,,,,
0.08901183307170868,1082,27,,,,,
0.13515211641788483,1083,27,,,,,
0.11899521946907043,1084,27,,,,,
0.04460354894399643,1085,27,,,,,
0.09381434321403503,1086,27,,,,,
0.04011737182736397,1087,27,,,,,
0.06352584064006805,1088,27,,,,,
0.08358554542064667,1089,27,,,,,
0.08967038989067078,1090,27,,,,,
0.07256992906332016,1091,27,,,,,
0.16994522511959076,1092,27,,,,,
0.04758204147219658,1093,27,,,,,
0.0753919929265976,1094,27,,,,,
0.06152338907122612,1095,27,,,,,
0.08584471791982651,1096,27,,,,,
0.09528311342000961,1097,27,,,,,
0.09129129350185394,1098,27,,,,,
0.06848536431789398,1099,27,,,,,
0.11845983564853668,1100,27,,,,,
0.17434969544410706,1101,27,,,,,
0.16181617975234985,1102,27,,,,,
0.1472797840833664,1103,27,,,,,
0.12982584536075592,1104,27,,,,,
0.06795716285705566,1105,27,,,,,
0.11727926135063171,1106,27,,,,,
0.1301247626543045,1107,27,,,,,
0.07136853039264679,1108,27,,,,,
0.04916732385754585,1109,27,,,,,
0.0951264277100563,1110,27,,,,,
0.14547869563102722,1111,27,,,,,
0.08542849868535995,1112,27,,,,,
0.19859683513641357,1113,27,,,,,
0.09298917651176453,1114,27,,,,,
0.05924641340970993,1115,27,,,,,
0.07909047603607178,1116,27,,,,,
0.09943703562021255,1117,27,,,,,
0.12643393874168396,1118,27,,,,,
0.08191075921058655,1119,27,,,,,
,135,,0.0347326397895813,,,,
,136,,0.18810595571994781,,,,
,137,,0.1645645797252655,,,,
,138,,0.04630952328443527,,,,
,139,,0.05798521637916565,,,,
,1119,27,,0.09833958745002747,,,
,1119,27,,,0.675000011920929,0.09834928810596466,0.5249999761581421
0.0461452417075634,1120,28,,,,,
0.0794113352894783,1121,28,,,,,
0.0440557636320591,1122,28,,,,,
0.07172355055809021,1123,28,,,,,
0.06716600060462952,1124,28,,,,,
0.1267043501138687,1125,28,,,,,
0.18805091083049774,1126,28,,,,,
0.08374480158090591,1127,28,,,,,
0.11813119053840637,1128,28,,,,,
0.1370166391134262,1129,28,,,,,
0.08791554719209671,1130,28,,,,,
0.10883971303701401,1131,28,,,,,
0.10460024327039719,1132,28,,,,,
0.09437083452939987,1133,28,,,,,
0.11788232624530792,1134,28,,,,,
0.08217374235391617,1135,28,,,,,
0.10653454810380936,1136,28,,,,,
0.10813519358634949,1137,28,,,,,
0.09814675152301788,1138,28,,,,,
0.1228424459695816,1139,28,,,,,
0.06797799468040466,1140,28,,,,,
0.10262885689735413,1141,28,,,,,
0.046707600355148315,1142,28,,,,,
0.16150730848312378,1143,28,,,,,
0.015200342983007431,1144,28,,,,,
0.12138062715530396,1145,28,,,,,
0.054341837763786316,1146,28,,,,,
0.14306654036045074,1147,28,,,,,
0.09729497134685516,1148,28,,,,,
0.06885934621095657,1149,28,,,,,
0.23765632510185242,1150,28,,,,,
0.10326627641916275,1151,28,,,,,
0.021144799888134003,1152,28,,,,,
0.11518373340368271,1153,28,,,,,
0.09873206168413162,1154,28,,,,,
0.08999210596084595,1155,28,,,,,
0.10953100025653839,1156,28,,,,,
0.05984208732843399,1157,28,,,,,
0.05638335272669792,1158,28,,,,,
0.047514259815216064,1159,28,,,,,
,140,,0.028413422405719757,,,,
,141,,0.17136920988559723,,,,
,142,,0.16855277121067047,,,,
,143,,0.02354024536907673,,,,
,144,,0.03338954597711563,,,,
,1159,28,,0.08505304157733917,,,
,1159,28,,,0.8999999761581421,0.09529507160186768,0.675000011920929
0.09569793194532394,1160,29,,,,,
0.051971495151519775,1161,29,,,,,
0.047564275562763214,1162,29,,,,,
0.09704208374023438,1163,29,,,,,
0.050767939537763596,1164,29,,,,,
0.06590750068426132,1165,29,,,,,
0.1021592915058136,1166,29,,,,,
0.11228222399950027,1167,29,,,,,
0.07199119031429291,1168,29,,,,,
0.09200666844844818,1169,29,,,,,
0.05821050703525543,1170,29,,,,,
0.019626963883638382,1171,29,,,,,
0.11651801317930222,1172,29,,,,,
0.093892402946949,1173,29,,,,,
0.12715557217597961,1174,29,,,,,
0.1291712075471878,1175,29,,,,,
0.0848945751786232,1176,29,,,,,
0.14639006555080414,1177,29,,,,,
0.058760229498147964,1178,29,,,,,
0.07538361102342606,1179,29,,,,,
0.07401479035615921,1180,29,,,,,
0.08343576639890671,1181,29,,,,,
0.052578072994947433,1182,29,,,,,
0.04818233475089073,1183,29,,,,,
0.08193308115005493,1184,29,,,,,
0.060371533036231995,1185,29,,,,,
0.04162193089723587,1186,29,,,,,
0.12727659940719604,1187,29,,,,,
0.01101709995418787,1188,29,,,,,
0.0714164450764656,1189,29,,,,,
0.017742212861776352,1190,29,,,,,
0.20317552983760834,1191,29,,,,,
0.11393146961927414,1192,29,,,,,
0.1276509016752243,1193,29,,,,,
0.04791280999779701,1194,29,,,,,
0.07655000686645508,1195,29,,,,,
0.0734451562166214,1196,29,,,,,
0.0730074867606163,1197,29,,,,,
0.08135419338941574,1198,29,,,,,
0.13735193014144897,1199,29,,,,,
,145,,0.024369433522224426,,,,
,146,,0.17922057211399078,,,,
,147,,0.16566430032253265,,,,
,148,,0.019287962466478348,,,,
,149,,0.02740747295320034,,,,
,1199,29,,0.0831899493932724,,,
,1199,29,,,0.824999988079071,0.08253408968448639,0.6499999761581421
0.08433683961629868,1200,30,,,,,
0.12563997507095337,1201,30,,,,,
0.0501982718706131,1202,30,,,,,
0.10941657423973083,1203,30,,,,,
0.03434215113520622,1204,30,,,,,
0.1119372770190239,1205,30,,,,,
0.18112199008464813,1206,30,,,,,
0.11441656202077866,1207,30,,,,,
0.04767142981290817,1208,30,,,,,
0.1446840614080429,1209,30,,,,,
0.06624066084623337,1210,30,,,,,
0.09101036190986633,1211,30,,,,,
0.12321184575557709,1212,30,,,,,
0.11658385396003723,1213,30,,,,,
0.06989707052707672,1214,30,,,,,
0.10400395095348358,1215,30,,,,,
0.14830705523490906,1216,30,,,,,
0.05537809059023857,1217,30,,,,,
0.06760299205780029,1218,30,,,,,
0.11522675305604935,1219,30,,,,,
0.1763385683298111,1220,30,,,,,
0.11489341408014297,1221,30,,,,,
0.07512518763542175,1222,30,,,,,
0.08818411827087402,1223,30,,,,,
0.1071881353855133,1224,30,,,,,
0.1002313569188118,1225,30,,,,,
0.06090836226940155,1226,30,,,,,
0.07545086741447449,1227,30,,,,,
0.08594784885644913,1228,30,,,,,
0.07360466569662094,1229,30,,,,,
0.07769081741571426,1230,30,,,,,
0.0441209077835083,1231,30,,,,,
0.03393053263425827,1232,30,,,,,
0.07547745853662491,1233,30,,,,,
0.15422631800174713,1234,30,,,,,
0.04955913498997688,1235,30,,,,,
0.04854106530547142,1236,30,,,,,
0.052080970257520676,1237,30,,,,,
0.12409871071577072,1238,30,,,,,
0.10594009608030319,1239,30,,,,,
,150,,0.025929024443030357,,,,
,151,,0.17549535632133484,,,,
,152,,0.18861883878707886,,,,
,153,,0.01825803332030773,,,,
,154,,0.027782520279288292,,,,
,1239,30,,0.08721674978733063,,,
,1239,30,,,0.8999999761581421,0.09211915731430054,0.675000011920929
0.07905925065279007,1240,31,,,,,
0.0926903486251831,1241,31,,,,,
0.11577683687210083,1242,31,,,,,
0.03411097824573517,1243,31,,,,,
0.02372804470360279,1244,31,,,,,
0.06889420002698898,1245,31,,,,,
0.10524972528219223,1246,31,,,,,
0.062464796006679535,1247,31,,,,,
0.14126916229724884,1248,31,,,,,
0.12508760392665863,1249,31,,,,,
0.04852784052491188,1250,31,,,,,
0.06318642199039459,1251,31,,,,,
0.019198134541511536,1252,31,,,,,
0.03718314692378044,1253,31,,,,,
0.09191140532493591,1254,31,,,,,
0.1034107431769371,1255,31,,,,,
0.14072281122207642,1256,31,,,,,
0.10628553479909897,1257,31,,,,,
0.05249109864234924,1258,31,,,,,
0.036678627133369446,1259,31,,,,,
0.035056836903095245,1260,31,,,,,
0.07570663839578629,1261,31,,,,,
0.0510697066783905,1262,31,,,,,
0.0125063955783844,1263,31,,,,,
0.02863018773496151,1264,31,,,,,
0.05941002815961838,1265,31,,,,,
0.052123550325632095,1266,31,,,,,
0.1440611332654953,1267,31,,,,,
0.07799077033996582,1268,31,,,,,
0.11126493662595749,1269,31,,,,,
0.040370624512434006,1270,31,,,,,
0.1917552351951599,1271,31,,,,,
0.030541038140654564,1272,31,,,,,
0.0970461294054985,1273,31,,,,,
0.07653851062059402,1274,31,,,,,
0.143354594707489,1275,31,,,,,
0.07343155890703201,1276,31,,,,,
0.10301396250724792,1277,31,,,,,
0.003194252261891961,1278,31,,,,,
0.09129040688276291,1279,31,,,,,
,155,,0.02418900467455387,,,,
,156,,0.18011999130249023,,,,
,157,,0.16053585708141327,,,,
,158,,0.015749679878354073,,,,
,159,,0.03243260085582733,,,,
,1279,31,,0.08260543644428253,,,
,1279,31,,,0.875,0.07615707814693451,0.675000011920929
0.12164900451898575,1280,32,,,,,
0.07068856060504913,1281,32,,,,,
0.049520570784807205,1282,32,,,,,
0.08181914687156677,1283,32,,,,,
0.08607981353998184,1284,32,,,,,
0.07459579408168793,1285,32,,,,,
0.08783341944217682,1286,32,,,,,
0.09159363806247711,1287,32,,,,,
0.08066646754741669,1288,32,,,,,
0.05737292021512985,1289,32,,,,,
0.04864858090877533,1290,32,,,,,
0.021427391096949577,1291,32,,,,,
0.10759373009204865,1292,32,,,,,
0.027632523328065872,1293,32,,,,,
0.08638065308332443,1294,32,,,,,
0.09243615716695786,1295,32,,,,,
0.0965130552649498,1296,32,,,,,
0.047449178993701935,1297,32,,,,,
0.048921748995780945,1298,32,,,,,
0.07268085330724716,1299,32,,,,,
0.14048531651496887,1300,32,,,,,
0.09287572652101517,1301,32,,,,,
0.15782727301120758,1302,32,,,,,
0.07391998171806335,1303,32,,,,,
0.10112946480512619,1304,32,,,,,
0.07869279384613037,1305,32,,,,,
0.05272144451737404,1306,32,,,,,
0.07644183933734894,1307,32,,,,,
0.14647497236728668,1308,32,,,,,
0.08670273423194885,1309,32,,,,,
0.0979812815785408,1310,32,,,,,
0.12588250637054443,1311,32,,,,,
0.10693353414535522,1312,32,,,,,
0.06608732044696808,1313,32,,,,,
0.08770827203989029,1314,32,,,,,
0.048188529908657074,1315,32,,,,,
0.10390905290842056,1316,32,,,,,
0.06655653566122055,1317,32,,,,,
0.032942917197942734,1318,32,,,,,
0.05679135397076607,1319,32,,,,,
,160,,0.02534353919327259,,,,
,161,,0.1745225489139557,,,,
,162,,0.1409718245267868,,,,
,163,,0.019935112446546555,,,,
,164,,0.03967806324362755,,,,
,1319,32,,0.08009020984172821,,,
,1319,32,,,0.7250000238418579,0.08129389584064484,0.574999988079071
0.09235501289367676,1320,33,,,,,
0.05166866257786751,1321,33,,,,,
0.06201169639825821,1322,33,,,,,
0.07263756543397903,1323,33,,,,,
0.061306919902563095,1324,33,,,,,
0.0846647247672081,1325,33,,,,,
0.10204654932022095,1326,33,,,,,
0.12168370187282562,1327,33,,,,,
0.024061329662799835,1328,33,,,,,
0.07263270765542984,1329,33,,,,,
0.0340174175798893,1330,33,,,,,
0.10306961834430695,1331,33,,,,,
0.1130940392613411,1332,33,,,,,
0.032124269753694534,1333,33,,,,,
0.051349010318517685,1334,33,,,,,
0.13013361394405365,1335,33,,,,,
0.023557525128126144,1336,33,,,,,
0.064964160323143,1337,33,,,,,
0.11669938266277313,1338,33,,,,,
0.1163676530122757,1339,33,,,,,
0.10063488781452179,1340,33,,,,,
0.061857983469963074,1341,33,,,,,
0.052573200315237045,1342,33,,,,,
0.023959260433912277,1343,33,,,,,
0.12473028898239136,1344,33,,,,,
0.05537312850356102,1345,33,,,,,
0.026966916397213936,1346,33,,,,,
0.03316532075405121,1347,33,,,,,
0.07618460059165955,1348,33,,,,,
0.10035423934459686,1349,33,,,,,
0.07094977796077728,1350,33,,,,,
0.10490553081035614,1351,33,,,,,
0.12879323959350586,1352,33,,,,,
0.1049947440624237,1353,33,,,,,
0.020135773345828056,1354,33,,,,,
0.10622432827949524,1355,33,,,,,
0.06494694948196411,1356,33,,,,,
0.08003755658864975,1357,33,,,,,
0.09217225760221481,1358,33,,,,,
0.07473697513341904,1359,33,,,,,
,165,,0.028781073167920113,,,,
,166,,0.18328996002674103,,,,
,167,,0.15942855179309845,,,,
,168,,0.01774471625685692,,,,
,169,,0.03372405469417572,,,,
,1359,33,,0.08459367603063583,,,
,1359,33,,,0.8500000238418579,0.07585356384515762,0.675000011920929
0.07296203821897507,1360,34,,,,,
0.043553147464990616,1361,34,,,,,
0.05094965547323227,1362,34,,,,,
0.043876975774765015,1363,34,,,,,
0.03385176509618759,1364,34,,,,,
0.03350788727402687,1365,34,,,,,
0.08395162969827652,1366,34,,,,,
0.12766356766223907,1367,34,,,,,
0.07456228137016296,1368,34,,,,,
0.08656180649995804,1369,34,,,,,
0.08633662015199661,1370,34,,,,,
0.12940990924835205,1371,34,,,,,
0.10523708909749985,1372,34,,,,,
0.09202571213245392,1373,34,,,,,
0.04791625216603279,1374,34,,,,,
0.05550602450966835,1375,34,,,,,
0.044062405824661255,1376,34,,,,,
0.04620461165904999,1377,34,,,,,
0.0418991856276989,1378,34,,,,,
0.13734504580497742,1379,34,,,,,
0.09588418900966644,1380,34,,,,,
0.026693671941757202,1381,34,,,,,
0.08463916927576065,1382,34,,,,,
0.15743236243724823,1383,34,,,,,
0.04901845380663872,1384,34,,,,,
0.061218343675136566,1385,34,,,,,
0.05350000038743019,1386,34,,,,,
0.16559626162052155,1387,34,,,,,
0.07116080820560455,1388,34,,,,,
0.023730622604489326,1389,34,,,,,
0.06505591422319412,1390,34,,,,,
0.042643122375011444,1391,34,,,,,
0.05547609180212021,1392,34,,,,,
0.11347261816263199,1393,34,,,,,
0.009648650884628296,1394,34,,,,,
0.01749529130756855,1395,34,,,,,
0.05164076015353203,1396,34,,,,,
0.04614711552858353,1397,34,,,,,
0.10178377479314804,1398,34,,,,,
0.07539454102516174,1399,34,,,,,
,170,,0.030698606744408607,,,,
,171,,0.19915921986103058,,,,
,172,,0.11595415323972702,,,,
,173,,0.022285377606749535,,,,
,174,,0.03263520449399948,,,,
,1399,34,,0.08014651387929916,,,
,1399,34,,,0.824999988079071,0.07012538611888885,0.625
0.05784226208925247,1400,35,,,,,
0.07351210713386536,1401,35,,,,,
0.017034102231264114,1402,35,,,,,
0.05235753580927849,1403,35,,,,,
0.0234930831938982,1404,35,,,,,
0.0677688866853714,1405,35,,,,,
0.04165021702647209,1406,35,,,,,
0.09084254503250122,1407,35,,,,,
0.11772862821817398,1408,35,,,,,
0.03765551373362541,1409,35,,,,,
0.050265371799468994,1410,35,,,,,
0.05688393861055374,1411,35,,,,,
0.05016731098294258,1412,35,,,,,
0.04908138886094093,1413,35,,,,,
0.11694483458995819,1414,35,,,,,
0.06825097650289536,1415,35,,,,,
0.08834795653820038,1416,35,,,,,
0.051613569259643555,1417,35,,,,,
0.04181836172938347,1418,35,,,,,
0.07011371105909348,1419,35,,,,,
0.09918435662984848,1420,35,,,,,
0.03157031536102295,1421,35,,,,,
0.07466360926628113,1422,35,,,,,
0.11753787100315094,1423,35,,,,,
0.15696503221988678,1424,35,,,,,
0.06039315089583397,1425,35,,,,,
0.056031156331300735,1426,35,,,,,
0.03792385384440422,1427,35,,,,,
0.10041331499814987,1428,35,,,,,
0.035758230835199356,1429,35,,,,,
0.06800036877393723,1430,35,,,,,
0.12508200109004974,1431,35,,,,,
0.06748613715171814,1432,35,,,,,
0.03178666532039642,1433,35,,,,,
0.08922641724348068,1434,35,,,,,
0.026543596759438515,1435,35,,,,,
0.08354734629392624,1436,35,,,,,
0.037845246493816376,1437,35,,,,,
0.04732363298535347,1438,35,,,,,
0.11287850141525269,1439,35,,,,,
,175,,0.03110596351325512,,,,
,176,,0.19195467233657837,,,,
,177,,0.11579961329698563,,,,
,178,,0.013966921716928482,,,,
,179,,0.03112906776368618,,,,
,1439,35,,0.07679124176502228,,,
,1439,35,,,0.824999988079071,0.06708832085132599,0.625
0.07300788164138794,1440,36,,,,,
0.0924082100391388,1441,36,,,,,
0.0811615139245987,1442,36,,,,,
0.08057833462953568,1443,36,,,,,
0.07566721737384796,1444,36,,,,,
0.05227670818567276,1445,36,,,,,
0.0790579542517662,1446,36,,,,,
0.04566194489598274,1447,36,,,,,
0.060290563851594925,1448,36,,,,,
0.04356437921524048,1449,36,,,,,
0.08689332753419876,1450,36,,,,,
0.03954914212226868,1451,36,,,,,
0.048245083540678024,1452,36,,,,,
0.05537387728691101,1453,36,,,,,
0.07878198474645615,1454,36,,,,,
0.06352613121271133,1455,36,,,,,
0.1667722463607788,1456,36,,,,,
0.06820730119943619,1457,36,,,,,
0.0751890167593956,1458,36,,,,,
0.035868436098098755,1459,36,,,,,
0.0371679924428463,1460,36,,,,,
0.043711259961128235,1461,36,,,,,
0.0408799834549427,1462,36,,,,,
0.038175929337739944,1463,36,,,,,
0.09153755754232407,1464,36,,,,,
0.02650482766330242,1465,36,,,,,
0.040638335049152374,1466,36,,,,,
0.03714554011821747,1467,36,,,,,
0.06781033426523209,1468,36,,,,,
0.1003565862774849,1469,36,,,,,
0.0776640996336937,1470,36,,,,,
0.11624696105718613,1471,36,,,,,
0.027966758236289024,1472,36,,,,,
0.06328321993350983,1473,36,,,,,
0.1096850037574768,1474,36,,,,,
0.01935284212231636,1475,36,,,,,
0.08859364688396454,1476,36,,,,,
0.1007944718003273,1477,36,,,,,
0.04166991263628006,1478,36,,,,,
0.05610722675919533,1479,36,,,,,
,180,,0.028338829055428505,,,,
,181,,0.17226670682430267,,,,
,182,,0.15656985342502594,,,,
,183,,0.0168899018317461,,,,
,184,,0.02571314387023449,,,,
,1479,36,,0.07995568960905075,,,
,1479,36,,,0.925000011920929,0.06568434089422226,0.7250000238418579
0.06813874840736389,1480,37,,,,,
0.07351420074701309,1481,37,,,,,
0.10692737996578217,1482,37,,,,,
0.06988178193569183,1483,37,,,,,
0.10057622194290161,1484,37,,,,,
0.023486429825425148,1485,37,,,,,
0.04444177821278572,1486,37,,,,,
0.12230432778596878,1487,37,,,,,
0.08537637442350388,1488,37,,,,,
0.04544452205300331,1489,37,,,,,
0.0646614208817482,1490,37,,,,,
0.11796893179416656,1491,37,,,,,
0.0608476884663105,1492,37,,,,,
0.1019449457526207,1493,37,,,,,
0.06817883998155594,1494,37,,,,,
0.04020547494292259,1495,37,,,,,
0.06873693317174911,1496,37,,,,,
0.04303871840238571,1497,37,,,,,
0.032952260226011276,1498,37,,,,,
0.0474269725382328,1499,37,,,,,
0.03894948586821556,1500,37,,,,,
0.10478322952985764,1501,37,,,,,
0.06193443015217781,1502,37,,,,,
0.0585293173789978,1503,37,,,,,
0.08604174852371216,1504,37,,,,,
0.04770912230014801,1505,37,,,,,
0.06115753576159477,1506,37,,,,,
0.04236829653382301,1507,37,,,,,
0.07995795458555222,1508,37,,,,,
0.12312600761651993,1509,37,,,,,
0.01805153861641884,1510,37,,,,,
0.10507231205701828,1511,37,,,,,
0.08250144124031067,1512,37,,,,,
0.07309725880622864,1513,37,,,,,
0.02414426952600479,1514,37,,,,,
0.08150842785835266,1515,37,,,,,
0.03547400236129761,1516,37,,,,,
0.06244479492306709,1517,37,,,,,
0.04103752598166466,1518,37,,,,,
0.03324408829212189,1519,37,,,,,
,185,,0.031611017882823944,,,,
,186,,0.16225744783878326,,,,
,187,,0.11131856590509415,,,,
,188,,0.014709818176925182,,,,
,189,,0.03213636949658394,,,,
,1519,37,,0.07040664553642273,,,
,1519,37,,,0.8999999761581421,0.06617966294288635,0.699999988079071
0.06384973227977753,1520,38,,,,,
0.03256509453058243,1521,38,,,,,
0.011706558056175709,1522,38,,,,,
0.12288764119148254,1523,38,,,,,
0.10444480925798416,1524,38,,,,,
0.08238574862480164,1525,38,,,,,
0.02865459956228733,1526,38,,,,,
0.07090019434690475,1527,38,,,,,
0.07873501628637314,1528,38,,,,,
0.062473464757204056,1529,38,,,,,
0.017291057854890823,1530,38,,,,,
0.0405796654522419,1531,38,,,,,
0.1044449433684349,1532,38,,,,,
0.07336477935314178,1533,38,,,,,
0.031019162386655807,1534,38,,,,,
0.03141627833247185,1535,38,,,,,
0.06355725973844528,1536,38,,,,,
0.08436433225870132,1537,38,,,,,
0.05864681676030159,1538,38,,,,,
0.04871882498264313,1539,38,,,,,
0.03255679830908775,1540,38,,,,,
0.06971623748540878,1541,38,,,,,
0.07454948872327805,1542,38,,,,,
0.08671747893095016,1543,38,,,,,
0.05569058284163475,1544,38,,,,,
0.1526588350534439,1545,38,,,,,
0.07859496772289276,1546,38,,,,,
0.03556600585579872,1547,38,,,,,
0.03467259183526039,1548,38,,,,,
0.07078208774328232,1549,38,,,,,
0.07737303525209427,1550,38,,,,,
0.06898841261863708,1551,38,,,,,
0.046616487205028534,1552,38,,,,,
0.06927290558815002,1553,38,,,,,
0.05213477090001106,1554,38,,,,,
0.05439626798033714,1555,38,,,,,
0.07218816876411438,1556,38,,,,,
0.005108294542878866,1557,38,,,,,
0.06953880935907364,1558,38,,,,,
0.05138922855257988,1559,38,,,,,
,190,,0.03818550333380699,,,,
,191,,0.1713474541902542,,,,
,192,,0.1707676202058792,,,,
,193,,0.012694600969552994,,,,
,194,,0.04622124508023262,,,,
,1559,38,,0.08784328401088715,,,
,1559,38,,,0.8999999761581421,0.06176292896270752,0.699999988079071
0.08335955440998077,1560,39,,,,,
0.033628083765506744,1561,39,,,,,
0.0927743911743164,1562,39,,,,,
0.05170658603310585,1563,39,,,,,
0.08482000976800919,1564,39,,,,,
0.08688550442457199,1565,39,,,,,
0.08668871968984604,1566,39,,,,,
0.011020272970199585,1567,39,,,,,
0.1096246987581253,1568,39,,,,,
0.11533498018980026,1569,39,,,,,
0.03485076129436493,1570,39,,,,,
0.05548837035894394,1571,39,,,,,
0.11549665778875351,1572,39,,,,,
0.10337482392787933,1573,39,,,,,
0.18040607869625092,1574,39,,,,,
0.0591309554874897,1575,39,,,,,
0.03293045237660408,1576,39,,,,,
0.03165977820754051,1577,39,,,,,
0.057758815586566925,1578,39,,,,,
0.03663057088851929,1579,39,,,,,
0.06301452219486237,1580,39,,,,,
0.036335431039333344,1581,39,,,,,
0.027076493948698044,1582,39,,,,,
0.028873750939965248,1583,39,,,,,
0.08137631416320801,1584,39,,,,,
0.1454620212316513,1585,39,,,,,
0.02732049860060215,1586,39,,,,,
0.028132164850831032,1587,39,,,,,
0.033448852598667145,1588,39,,,,,
0.03833218663930893,1589,39,,,,,
0.061295412480831146,1590,39,,,,,
0.07231658697128296,1591,39,,,,,
0.016868438571691513,1592,39,,,,,
0.04706726223230362,1593,39,,,,,
0.12815943360328674,1594,39,,,,,
0.010831546038389206,1595,39,,,,,
0.08411075919866562,1596,39,,,,,
0.12640191614627838,1597,39,,,,,
0.047787223011255264,1598,39,,,,,
0.03853081539273262,1599,39,,,,,
,195,,0.02076701819896698,,,,
,196,,0.15231165289878845,,,,
,197,,0.10819412767887115,,,,
,198,,0.005608046427369118,,,,
,199,,0.02383604273200035,,,,
,1599,39,,0.06214337795972824,,,
,1599,39,,,0.9750000238418579,0.06515778601169586,0.7749999761581421
0.07938142865896225,1600,40,,,,,
0.020453959703445435,1601,40,,,,,
0.028104634955525398,1602,40,,,,,
0.03216590732336044,1603,40,,,,,
0.09428290277719498,1604,40,,,,,
0.048362717032432556,1605,40,,,,,
0.0753537118434906,1606,40,,,,,
0.06827101111412048,1607,40,,,,,
0.054275788366794586,1608,40,,,,,
0.07524655014276505,1609,40,,,,,
0.031035633757710457,1610,40,,,,,
0.04919897019863129,1611,40,,,,,
0.0254888404160738,1612,40,,,,,
0.0504818819463253,1613,40,,,,,
0.05046721547842026,1614,40,,,,,
0.07993737608194351,1615,40,,,,,
0.04094942286610603,1616,40,,,,,
0.07864890247583389,1617,40,,,,,
0.06495542079210281,1618,40,,,,,
0.03286760672926903,1619,40,,,,,
0.051118023693561554,1620,40,,,,,
0.05727365240454674,1621,40,,,,,
0.11454780399799347,1622,40,,,,,
0.11587467044591904,1623,40,,,,,
0.061163611710071564,1624,40,,,,,
0.04195190966129303,1625,40,,,,,
0.05043240264058113,1626,40,,,,,
0.0171666219830513,1627,40,,,,,
0.010652734898030758,1628,40,,,,,
0.06580687314271927,1629,40,,,,,
0.0382491871714592,1630,40,,,,,
0.03474907577037811,1631,40,,,,,
0.06737378239631653,1632,40,,,,,
0.024806255474686623,1633,40,,,,,
0.012749128974974155,1634,40,,,,,
0.05038333684206009,1635,40,,,,,
0.03727567568421364,1636,40,,,,,
0.07452833652496338,1637,40,,,,,
0.021155813708901405,1638,40,,,,,
0.11853261291980743,1639,40,,,,,
,200,,0.012064562179148197,,,,
,201,,0.21216300129890442,,,,
,202,,0.16318954527378082,,,,
,203,,0.010792247019708157,,,,
,204,,0.01797163300216198,,,,
,1639,40,,0.0832362025976181,,,
,1639,40,,,0.949999988079071,0.053643036633729935,0.7749999761581421
0.14149819314479828,1640,41,,,,,
0.06567230820655823,1641,41,,,,,
0.06552223116159439,1642,41,,,,,
0.014776153489947319,1643,41,,,,,
0.05729253590106964,1644,41,,,,,
0.06214194372296333,1645,41,,,,,
0.03871775418519974,1646,41,,,,,
0.007049420848488808,1647,41,,,,,
0.0669812485575676,1648,41,,,,,
0.03387308865785599,1649,41,,,,,
0.08435496687889099,1650,41,,,,,
0.044032324105501175,1651,41,,,,,
0.043586086481809616,1652,41,,,,,
0.03048435039818287,1653,41,,,,,
0.05469634756445885,1654,41,,,,,
0.03550540283322334,1655,41,,,,,
0.06902933865785599,1656,41,,,,,
0.05763329938054085,1657,41,,,,,
0.07568704336881638,1658,41,,,,,
0.11265803873538971,1659,41,,,,,
0.03306499496102333,1660,41,,,,,
0.023635242134332657,1661,41,,,,,
0.028864383697509766,1662,41,,,,,
0.040372055023908615,1663,41,,,,,
0.05212065577507019,1664,41,,,,,
0.030156642198562622,1665,41,,,,,
0.0514986552298069,1666,41,,,,,
0.05711288005113602,1667,41,,,,,
0.024875465780496597,1668,41,,,,,
0.028204377740621567,1669,41,,,,,
0.05881604552268982,1670,41,,,,,
0.05545737221837044,1671,41,,,,,
0.03110002912580967,1672,41,,,,,
0.06003281846642494,1673,41,,,,,
0.049961332231760025,1674,41,,,,,
0.0462077371776104,1675,41,,,,,
0.035641901195049286,1676,41,,,,,
0.0399785153567791,1677,41,,,,,
0.014987124130129814,1678,41,,,,,
0.043274227529764175,1679,41,,,,,
,205,,0.010474803857505322,,,,
,206,,0.18535111844539642,,,,
,207,,0.15595902502536774,,,,
,208,,0.0059557389467954636,,,,
,209,,0.0087471017614007,,,,
,1679,41,,0.07329755276441574,,,
,1679,41,,,1.0,0.04916386678814888,0.800000011920929
0.029620319604873657,1680,42,,,,,
0.022818956524133682,1681,42,,,,,
0.05936199799180031,1682,42,,,,,
0.018803928047418594,1683,42,,,,,
0.011169729754328728,1684,42,,,,,
0.01915455050766468,1685,42,,,,,
0.017522865906357765,1686,42,,,,,
0.017655234783887863,1687,42,,,,,
0.10351300984621048,1688,42,,,,,
0.02982102893292904,1689,42,,,,,
0.09766693413257599,1690,42,,,,,
0.006209084764122963,1691,42,,,,,
0.030737385153770447,1692,42,,,,,
0.07438754290342331,1693,42,,,,,
0.049061644822359085,1694,42,,,,,
0.032928068190813065,1695,42,,,,,
0.043042656034231186,1696,42,,,,,
0.08822958171367645,1697,42,,,,,
0.033844079822301865,1698,42,,,,,
0.04242686554789543,1699,42,,,,,
0.0795665830373764,1700,42,,,,,
0.0044439807534217834,1701,42,,,,,
0.07112254947423935,1702,42,,,,,
0.07144026458263397,1703,42,,,,,
0.03195791319012642,1704,42,,,,,
0.007303197402507067,1705,42,,,,,
0.08144105225801468,1706,42,,,,,
0.034072741866111755,1707,42,,,,,
0.12157930433750153,1708,42,,,,,
0.05239579454064369,1709,42,,,,,
0.06956753134727478,1710,42,,,,,
0.04117930307984352,1711,42,,,,,
0.053369179368019104,1712,42,,,,,
0.012823996134102345,1713,42,,,,,
0.010865542106330395,1714,42,,,,,
0.13288776576519012,1715,42,,,,,
0.05305333435535431,1716,42,,,,,
0.06450740247964859,1717,42,,,,,
0.01813318394124508,1718,42,,,,,
0.052314918488264084,1719,42,,,,,
,210,,0.020479556173086166,,,,
,211,,0.17932340502738953,,,,
,212,,0.1287926733493805,,,,
,213,,0.00544971227645874,,,,
,214,,0.017916545271873474,,,,
,1719,42,,0.07039238512516022,,,
,1719,42,,,0.925000011920929,0.04730002209544182,0.75
0.05362122878432274,1720,43,,,,,
0.05607429891824722,1721,43,,,,,
0.052248477935791016,1722,43,,,,,
0.06209303438663483,1723,43,,,,,
0.03285260498523712,1724,43,,,,,
0.007632794324308634,1725,43,,,,,
0.07476185262203217,1726,43,,,,,
0.08508219569921494,1727,43,,,,,
0.07727053761482239,1728,43,,,,,
0.03328181058168411,1729,43,,,,,
0.08788815885782242,1730,43,,,,,
0.048899583518505096,1731,43,,,,,
0.0400511808693409,1732,43,,,,,
0.06824573874473572,1733,43,,,,,
0.02826700732111931,1734,43,,,,,
0.03798477351665497,1735,43,,,,,
0.04857731983065605,1736,43,,,,,
0.06829939782619476,1737,43,,,,,
0.10086822509765625,1738,43,,,,,
0.014160934835672379,1739,43,,,,,
0.06131814792752266,1740,43,,,,,
0.07201843708753586,1741,43,,,,,
0.05700504034757614,1742,43,,,,,
0.013979081064462662,1743,43,,,,,
0.03709150850772858,1744,43,,,,,
0.06251968443393707,1745,43,,,,,
0.05542789399623871,1746,43,,,,,
0.03471522778272629,1747,43,,,,,
0.07966246455907822,1748,43,,,,,
0.051969997584819794,1749,43,,,,,
0.022004656493663788,1750,43,,,,,
0.041994914412498474,1751,43,,,,,
0.0625012144446373,1752,43,,,,,
0.06285952031612396,1753,43,,,,,
0.0051032863557338715,1754,43,,,,,
0.009943612851202488,1755,43,,,,,
0.022539839148521423,1756,43,,,,,
0.04388446360826492,1757,43,,,,,
0.11407913267612457,1758,43,,,,,
0.028690945357084274,1759,43,,,,,
,215,,0.005673655308783054,,,,
,216,,0.15815287828445435,,,,
,217,,0.15233998000621796,,,,
,218,,0.007247581146657467,,,,
,219,,0.002289370633661747,,,,
,1759,43,,0.06514069437980652,,,
,1759,43,,,1.0,0.05043675750494003,0.800000011920929
0.012873880565166473,1760,44,,,,,
0.0284844059497118,1761,44,,,,,
0.06525680422782898,1762,44,,,,,
0.03608401492238045,1763,44,,,,,
0.10378530621528625,1764,44,,,,,
0.037453532218933105,1765,44,,,,,
0.08125261962413788,1766,44,,,,,
0.017215926200151443,1767,44,,,,,
0.0020438244100660086,1768,44,,,,,
0.07547110319137573,1769,44,,,,,
0.05378994718194008,1770,44,,,,,
0.05644981563091278,1771,44,,,,,
0.04453368857502937,1772,44,,,,,
0.009080680087208748,1773,44,,,,,
0.06936968117952347,1774,44,,,,,
0.09268166124820709,1775,44,,,,,
0.015302775427699089,1776,44,,,,,
0.04948282241821289,1777,44,,,,,
0.011813896708190441,1778,44,,,,,
0.04285527020692825,1779,44,,,,,
0.07187150418758392,1780,44,,,,,
0.07117228209972382,1781,44,,,,,
0.04587762430310249,1782,44,,,,,
0.041271328926086426,1783,44,,,,,
0.03512454777956009,1784,44,,,,,
0.05085000768303871,1785,44,,,,,
0.06914962828159332,1786,44,,,,,
0.0534055195748806,1787,44,,,,,
0.02662813849747181,1788,44,,,,,
0.050717566162347794,1789,44,,,,,
0.028026482090353966,1790,44,,,,,
0.039278436452150345,1791,44,,,,,
0.04346662014722824,1792,44,,,,,
0.047016825526952744,1793,44,,,,,
0.04602688550949097,1794,44,,,,,
0.11425692588090897,1795,44,,,,,
0.04277200251817703,1796,44,,,,,
0.024720927700400352,1797,44,,,,,
0.14322061836719513,1798,44,,,,,
0.03008168749511242,1799,44,,,,,
,220,,0.009835593402385712,,,,
,221,,0.15794190764427185,,,,
,222,,0.12869252264499664,,,,
,223,,0.005817034747451544,,,,
,224,,0.007344216573983431,,,,
,1799,44,,0.061926256865262985,,,
,1799,44,,,1.0,0.049505431205034256,0.800000011920929
0.023293040692806244,1800,45,,,,,
0.03456566110253334,1801,45,,,,,
0.10475627332925797,1802,45,,,,,
0.022770922631025314,1803,45,,,,,
0.057352952659130096,1804,45,,,,,
0.041930925101041794,1805,45,,,,,
0.037460412830114365,1806,45,,,,,
0.0319397896528244,1807,45,,,,,
0.09085830301046371,1808,45,,,,,
0.08262559026479721,1809,45,,,,,
0.04426433891057968,1810,45,,,,,
0.027629559859633446,1811,45,,,,,
0.11096038669347763,1812,45,,,,,
0.043300971388816833,1813,45,,,,,
0.019845761358737946,1814,45,,,,,
0.03740691393613815,1815,45,,,,,
0.0071923681534826756,1816,45,,,,,
0.005484627094119787,1817,45,,,,,
0.0495821014046669,1818,45,,,,,
0.1275797337293625,1819,45,,,,,
0.009113360196352005,1820,45,,,,,
0.03929503262042999,1821,45,,,,,
0.043476272374391556,1822,45,,,,,
0.014429767616093159,1823,45,,,,,
0.042669232934713364,1824,45,,,,,
0.12133204191923141,1825,45,,,,,
0.04817499592900276,1826,45,,,,,
0.049350105226039886,1827,45,,,,,
0.06162290275096893,1828,45,,,,,
0.025466840714216232,1829,45,,,,,
0.08780647814273834,1830,45,,,,,
0.013955548405647278,1831,45,,,,,
0.0156837310642004,1832,45,,,,,
0.07047154009342194,1833,45,,,,,
0.08503831923007965,1834,45,,,,,
0.0588325560092926,1835,45,,,,,
0.030410490930080414,1836,45,,,,,
0.016574636101722717,1837,45,,,,,
0.05036748945713043,1838,45,,,,,
0.046162839978933334,1839,45,,,,,
,225,,0.012550652958452702,,,,
,226,,0.19450128078460693,,,,
,227,,0.1771225482225418,,,,
,228,,0.01714341901242733,,,,
,229,,0.04154064133763313,,,,
,1839,45,,0.0885717123746872,,,
,1839,45,,,0.8999999761581421,0.048275865614414215,0.75
0.024747971445322037,1840,46,,,,,
0.051881443709135056,1841,46,,,,,
0.01797652617096901,1842,46,,,,,
0.10764314234256744,1843,46,,,,,
0.023672202602028847,1844,46,,,,,
0.06203347072005272,1845,46,,,,,
0.01783238723874092,1846,46,,,,,
0.011351024731993675,1847,46,,,,,
0.03847172111272812,1848,46,,,,,
0.047490451484918594,1849,46,,,,,
0.10073830187320709,1850,46,,,,,
0.03104821778833866,1851,46,,,,,
0.06099343299865723,1852,46,,,,,
0.033238500356674194,1853,46,,,,,
0.0156590286642313,1854,46,,,,,
0.009126642718911171,1855,46,,,,,
0.06271439790725708,1856,46,,,,,
0.12682276964187622,1857,46,,,,,
0.052745044231414795,1858,46,,,,,
0.009068520739674568,1859,46,,,,,
0.047841981053352356,1860,46,,,,,
0.13203313946723938,1861,46,,,,,
0.08871211856603622,1862,46,,,,,
0.0405002199113369,1863,46,,,,,
0.03617113456130028,1864,46,,,,,
0.07183009386062622,1865,46,,,,,
0.03744542598724365,1866,46,,,,,
0.056996192783117294,1867,46,,,,,
0.06420993059873581,1868,46,,,,,
0.0770830288529396,1869,46,,,,,
0.05173065885901451,1870,46,,,,,
0.025652064010500908,1871,46,,,,,
0.060262832790613174,1872,46,,,,,
0.059232570230960846,1873,46,,,,,
0.12127967178821564,1874,46,,,,,
0.14797888696193695,1875,46,,,,,
0.0542919859290123,1876,46,,,,,
0.014172844588756561,1877,46,,,,,
0.04807692766189575,1878,46,,,,,
0.06942889094352722,1879,46,,,,,
,230,,0.007868379354476929,,,,
,231,,0.1409972608089447,,,,
,232,,0.12917423248291016,,,,
,233,,0.006777152884751558,,,,
,234,,0.010080810636281967,,,,
,1879,46,,0.058979570865631104,,,
,1879,46,,,1.0,0.05525463819503784,0.800000011920929
0.15837502479553223,1880,47,,,,,
0.06580907851457596,1881,47,,,,,
0.04233681038022041,1882,47,,,,,
0.01871059462428093,1883,47,,,,,
0.03043786808848381,1884,47,,,,,
0.054894886910915375,1885,47,,,,,
0.0326312817633152,1886,47,,,,,
0.026624290272593498,1887,47,,,,,
0.07401357591152191,1888,47,,,,,
0.05310727655887604,1889,47,,,,,
0.0392603762447834,1890,47,,,,,
0.028147017583251,1891,47,,,,,
0.03296179696917534,1892,47,,,,,
0.04569918289780617,1893,47,,,,,
0.024786636233329773,1894,47,,,,,
0.0882842168211937,1895,47,,,,,
0.10963170230388641,1896,47,,,,,
0.01313983928412199,1897,47,,,,,
0.07641275227069855,1898,47,,,,,
0.010866304859519005,1899,47,,,,,
0.03984500467777252,1900,47,,,,,
0.020221436396241188,1901,47,,,,,
0.01547658909112215,1902,47,,,,,
0.07413002103567123,1903,47,,,,,
0.016924133524298668,1904,47,,,,,
0.009845791384577751,1905,47,,,,,
0.07741912454366684,1906,47,,,,,
0.06978897005319595,1907,47,,,,,
0.06491335481405258,1908,47,,,,,
0.049726203083992004,1909,47,,,,,
0.050425078719854355,1910,47,,,,,
0.01744980178773403,1911,47,,,,,
0.02805621363222599,1912,47,,,,,
0.017794426530599594,1913,47,,,,,
0.06451207399368286,1914,47,,,,,
0.03679991886019707,1915,47,,,,,
0.016678225249052048,1916,47,,,,,
0.023273495957255363,1917,47,,,,,
0.06187087669968605,1918,47,,,,,
0.06313525885343552,1919,47,,,,,
,235,,0.008413344621658325,,,,
,236,,0.15700116753578186,,,,
,237,,0.13498154282569885,,,,
,238,,0.005831221584230661,,,,
,239,,0.0033703921362757683,,,,
,1919,47,,0.06191953271627426,,,
,1919,47,,,0.9750000238418579,0.04611041769385338,0.800000011920929
0.021598132327198982,1920,48,,,,,
0.04697584733366966,1921,48,,,,,
0.042778726667165756,1922,48,,,,,
0.0035864582750946283,1923,48,,,,,
0.07530182600021362,1924,48,,,,,
0.03398508578538895,1925,48,,,,,
0.04704004153609276,1926,48,,,,,
0.05072842538356781,1927,48,,,,,
0.011062504723668098,1928,48,,,,,
0.026827210560441017,1929,48,,,,,
0.030322201550006866,1930,48,,,,,
0.04924561455845833,1931,48,,,,,
0.03751614689826965,1932,48,,,,,
0.09557943791151047,1933,48,,,,,
0.03319891542196274,1934,48,,,,,
0.09324770420789719,1935,48,,,,,
0.04112996906042099,1936,48,,,,,
0.037877824157476425,1937,48,,,,,
0.004247043747454882,1938,48,,,,,
0.08448903262615204,1939,48,,,,,
0.013667125254869461,1940,48,,,,,
0.042933009564876556,1941,48,,,,,
0.0020602685399353504,1942,48,,,,,
0.017446529120206833,1943,48,,,,,
0.013838781975209713,1944,48,,,,,
0.03341080993413925,1945,48,,,,,
0.0015817505773156881,1946,48,,,,,
0.03110574558377266,1947,48,,,,,
0.036264121532440186,1948,48,,,,,
0.03334522619843483,1949,48,,,,,
0.09937720000743866,1950,48,,,,,
0.02076389640569687,1951,48,,,,,
0.004814598243683577,1952,48,,,,,
0.026039935648441315,1953,48,,,,,
0.054392386227846146,1954,48,,,,,
0.09930367022752762,1955,48,,,,,
0.06378542631864548,1956,48,,,,,
0.03214629739522934,1957,48,,,,,
0.03148648887872696,1958,48,,,,,
0.06785474717617035,1959,48,,,,,
,240,,0.007168269716203213,,,,
,241,,0.16367106139659882,,,,
,242,,0.16370142996311188,,,,
,243,,0.0054488880559802055,,,,
,244,,0.0009039061260409653,,,,
,1959,48,,0.0681787058711052,,,
,1959,48,,,1.0,0.039808906614780426,0.800000011920929
0.05144602805376053,1960,49,,,,,
0.011889762245118618,1961,49,,,,,
0.08398003876209259,1962,49,,,,,
0.04501212015748024,1963,49,,,,,
0.07404273748397827,1964,49,,,,,
0.06970696896314621,1965,49,,,,,
0.014848356135189533,1966,49,,,,,
0.034448619931936264,1967,49,,,,,
0.03929882496595383,1968,49,,,,,
0.02498927153646946,1969,49,,,,,
0.048112303018569946,1970,49,,,,,
0.0560099333524704,1971,49,,,,,
0.03057333081960678,1972,49,,,,,
0.0510137714445591,1973,49,,,,,
0.06353478133678436,1974,49,,,,,
0.04140225797891617,1975,49,,,,,
0.03830950707197189,1976,49,,,,,
0.006464309524744749,1977,49,,,,,
0.021619584411382675,1978,49,,,,,
0.030765311792492867,1979,49,,,,,
0.0981961190700531,1980,49,,,,,
0.003385205753147602,1981,49,,,,,
0.024967003613710403,1982,49,,,,,
0.008022673428058624,1983,49,,,,,
0.011896591633558273,1984,49,,,,,
0.023885682225227356,1985,49,,,,,
0.049633730202913284,1986,49,,,,,
0.05675341561436653,1987,49,,,,,
0.024017561227083206,1988,49,,,,,
0.017078662291169167,1989,49,,,,,
0.059346556663513184,1990,49,,,,,
0.08095922321081161,1991,49,,,,,
0.05449453368782997,1992,49,,,,,
0.03417063131928444,1993,49,,,,,
0.06003919243812561,1994,49,,,,,
0.03577809035778046,1995,49,,,,,
0.10454616695642471,1996,49,,,,,
0.008370231837034225,1997,49,,,,,
0.00870157778263092,1998,49,,,,,
0.014129146933555603,1999,49,,,,,
,245,,0.0054558939300477505,,,,
,246,,0.18908897042274475,,,,
,247,,0.18061767518520355,,,,
,248,,0.0070808022283017635,,,,
,249,,0.0011895677307620645,,,,
,1999,49,,0.07668657600879669,,,
,1999,49,,,0.9750000238418579,0.04039599373936653,0.824999988079071
0.03697138652205467,2000,50,,,,,
0.01647578924894333,2001,50,,,,,
0.020463502034544945,2002,50,,,,,
0.01953800767660141,2003,50,,,,,
0.08024048805236816,2004,50,,,,,
0.07593964785337448,2005,50,,,,,
0.05761241912841797,2006,50,,,,,
0.05654233321547508,2007,50,,,,,
0.022694798186421394,2008,50,,,,,
0.06569578498601913,2009,50,,,,,
0.0292957853525877,2010,50,,,,,
0.05213221535086632,2011,50,,,,,
0.08754274249076843,2012,50,,,,,
0.017463380470871925,2013,50,,,,,
0.021186232566833496,2014,50,,,,,
0.041352953761816025,2015,50,,,,,
0.0567111074924469,2016,50,,,,,
0.011183304712176323,2017,50,,,,,
0.07036428153514862,2018,50,,,,,
0.12137293070554733,2019,50,,,,,
0.08580322563648224,2020,50,,,,,
0.06409832090139389,2021,50,,,,,
0.03447014465928078,2022,50,,,,,
0.03422301635146141,2023,50,,,,,
0.07022703438997269,2024,50,,,,,
0.121678926050663,2025,50,,,,,
0.02795051969587803,2026,50,,,,,
0.054917510598897934,2027,50,,,,,
0.03166670724749565,2028,50,,,,,
0.05040157213807106,2029,50,,,,,
0.06365599483251572,2030,50,,,,,
0.015497547574341297,2031,50,,,,,
0.016813011839985847,2032,50,,,,,
0.07029213011264801,2033,50,,,,,
0.0972178652882576,2034,50,,,,,
0.07249259948730469,2035,50,,,,,
0.008082163520157337,2036,50,,,,,
0.021033916622400284,2037,50,,,,,
0.00883565191179514,2038,50,,,,,
0.08408410102128983,2039,50,,,,,
,250,,0.0055497679859399796,,,,
,251,,0.1601502001285553,,,,
,252,,0.11678562313318253,,,,
,253,,0.007467254530638456,,,,
,254,,0.0010546823032200336,,,,
,2039,50,,0.05820150300860405,,,
,2039,50,,,1.0,0.04985553026199341,0.800000011920929
0.08028827607631683,2040,51,,,,,
0.011356308124959469,2041,51,,,,,
0.0035014513414353132,2042,51,,,,,
0.05279398337006569,2043,51,,,,,
0.024752700701355934,2044,51,,,,,
0.027104565873742104,2045,51,,,,,
0.029296116903424263,2046,51,,,,,
0.023492448031902313,2047,51,,,,,
0.04564937204122543,2048,51,,,,,
0.033192407339811325,2049,51,,,,,
0.06099375709891319,2050,51,,,,,
0.03609618917107582,2051,51,,,,,
0.014542559161782265,2052,51,,,,,
0.07043927162885666,2053,51,,,,,
0.09752271324396133,2054,51,,,,,
0.04394911974668503,2055,51,,,,,
0.021654872223734856,2056,51,,,,,
0.018675988540053368,2057,51,,,,,
0.05852389335632324,2058,51,,,,,
0.07510750740766525,2059,51,,,,,
0.053420137614011765,2060,51,,,,,
0.008412552997469902,2061,51,,,,,
0.04586853086948395,2062,51,,,,,
0.052336227148771286,2063,51,,,,,
0.013507993891835213,2064,51,,,,,
0.04774022102355957,2065,51,,,,,
0.019697241485118866,2066,51,,,,,
0.017066705971956253,2067,51,,,,,
0.04342640936374664,2068,51,,,,,
0.06638030707836151,2069,51,,,,,
0.041012242436409,2070,51,,,,,
0.026694411411881447,2071,51,,,,,
0.016682149842381477,2072,51,,,,,
0.03886721655726433,2073,51,,,,,
0.04317865148186684,2074,51,,,,,
0.020808439701795578,2075,51,,,,,
0.0048704869113862514,2076,51,,,,,
0.04968644306063652,2077,51,,,,,
0.041979674249887466,2078,51,,,,,
0.0905475914478302,2079,51,,,,,
,255,,0.005918421316891909,,,,
,256,,0.21041063964366913,,,,
,257,,0.09863043576478958,,,,
,258,,0.0074457330629229546,,,,
,259,,0.001977508421987295,,,,
,2079,51,,0.06487654149532318,,,
,2079,51,,,0.949999988079071,0.039277926087379456,0.7749999761581421
0.09250633418560028,2080,52,,,,,
0.01789955236017704,2081,52,,,,,
0.0031604182440787554,2082,52,,,,,
0.03245764225721359,2083,52,,,,,
0.013342889957129955,2084,52,,,,,
0.024825362488627434,2085,52,,,,,
0.081608347594738,2086,52,,,,,
0.005544355604797602,2087,52,,,,,
0.08521293103694916,2088,52,,,,,
0.061260007321834564,2089,52,,,,,
0.011792324483394623,2090,52,,,,,
0.04012143611907959,2091,52,,,,,
0.01915043778717518,2092,52,,,,,
0.023416806012392044,2093,52,,,,,
0.017918217927217484,2094,52,,,,,
0.04694206267595291,2095,52,,,,,
0.01676078699529171,2096,52,,,,,
0.031585611402988434,2097,52,,,,,
0.012921643443405628,2098,52,,,,,
0.014382079243659973,2099,52,,,,,
0.01153972651809454,2100,52,,,,,
0.11250010132789612,2101,52,,,,,
0.011686848476529121,2102,52,,,,,
0.015309659764170647,2103,52,,,,,
0.018336433917284012,2104,52,,,,,
0.08852928131818771,2105,52,,,,,
0.06731230765581131,2106,52,,,,,
0.01764972321689129,2107,52,,,,,
0.006204370874911547,2108,52,,,,,
0.09327463060617447,2109,52,,,,,
0.046920888125896454,2110,52,,,,,
0.0277693010866642,2111,52,,,,,
0.025662841275334358,2112,52,,,,,
0.00803124625235796,2113,52,,,,,
0.006816091947257519,2114,52,,,,,
0.046492379158735275,2115,52,,,,,
0.05850346013903618,2116,52,,,,,
0.02817685715854168,2117,52,,,,,
0.002239649184048176,2118,52,,,,,
0.06577763706445694,2119,52,,,,,
,260,,0.005634084343910217,,,,
,261,,0.17318864166736603,,,,
,262,,0.10573713481426239,,,,
,263,,0.007509581744670868,,,,
,264,,0.001326975179836154,,,,
,2119,52,,0.058679282665252686,,,
,2119,52,,,1.0,0.03528857231140137,0.800000011920929
0.035895127803087234,2120,53,,,,,
0.01788019761443138,2121,53,,,,,
0.03505579009652138,2122,53,,,,,
0.015459759160876274,2123,53,,,,,
0.016490984708070755,2124,53,,,,,
0.02437792345881462,2125,53,,,,,
0.018851138651371002,2126,53,,,,,
0.000330074573867023,2127,53,,,,,
0.033116016536951065,2128,53,,,,,
0.030027518048882484,2129,53,,,,,
0.004679654724895954,2130,53,,,,,
0.01971294730901718,2131,53,,,,,
0.021188903599977493,2132,53,,,,,
0.04600915312767029,2133,53,,,,,
0.043184492737054825,2134,53,,,,,
0.04526982828974724,2135,53,,,,,
0.04044201597571373,2136,53,,,,,
0.044519487768411636,2137,53,,,,,
0.028652412816882133,2138,53,,,,,
0.0032258415594697,2139,53,,,,,
0.04268661513924599,2140,53,,,,,
0.03882625699043274,2141,53,,,,,
0.03953777998685837,2142,53,,,,,
0.026761645451188087,2143,53,,,,,
0.023970918729901314,2144,53,,,,,
0.07035942375659943,2145,53,,,,,
0.09778152406215668,2146,53,,,,,
0.009798352606594563,2147,53,,,,,
0.02398989535868168,2148,53,,,,,
0.046193286776542664,2149,53,,,,,
0.07847943902015686,2150,53,,,,,
0.09902346879243851,2151,53,,,,,
0.06080160662531853,2152,53,,,,,
0.04004628211259842,2153,53,,,,,
0.02807409130036831,2154,53,,,,,
0.06156118959188461,2155,53,,,,,
0.018358027562499046,2156,53,,,,,
0.06251121312379837,2157,53,,,,,
0.08630166947841644,2158,53,,,,,
0.022148067131638527,2159,53,,,,,
,265,,0.00744415121152997,,,,
,266,,0.17930366098880768,,,,
,267,,0.1131601557135582,,,,
,268,,0.005743623711168766,,,,
,269,,0.00123363989405334,,,,
,2159,53,,0.06137704849243164,,,
,2159,53,,,0.9750000238418579,0.03753950446844101,0.800000011920929
0.035887036472558975,2160,54,,,,,
0.057497769594192505,2161,54,,,,,
0.004666915629059076,2162,54,,,,,
0.04144462198019028,2163,54,,,,,
0.00890426617115736,2164,54,,,,,
0.07600108534097672,2165,54,,,,,
0.037498991936445236,2166,54,,,,,
0.03353968262672424,2167,54,,,,,
0.0018310677260160446,2168,54,,,,,
0.02169136330485344,2169,54,,,,,
0.04685719683766365,2170,54,,,,,
0.07101727277040482,2171,54,,,,,
0.05527825281023979,2172,54,,,,,
0.013454770669341087,2173,54,,,,,
0.07411183416843414,2174,54,,,,,
0.019918762147426605,2175,54,,,,,
0.07055414468050003,2176,54,,,,,
0.03207331523299217,2177,54,,,,,
0.11412859708070755,2178,54,,,,,
0.003907596226781607,2179,54,,,,,
0.06035362184047699,2180,54,,,,,
0.03775784745812416,2181,54,,,,,
0.05027945339679718,2182,54,,,,,
0.02105211652815342,2183,54,,,,,
0.007692866958677769,2184,54,,,,,
0.09190289676189423,2185,54,,,,,
0.04241279140114784,2186,54,,,,,
0.03434866666793823,2187,54,,,,,
0.009803549386560917,2188,54,,,,,
0.01570352166891098,2189,54,,,,,
0.11051737517118454,2190,54,,,,,
0.004228676203638315,2191,54,,,,,
0.04175638407468796,2192,54,,,,,
0.03429833799600601,2193,54,,,,,
0.023334259167313576,2194,54,,,,,
0.008138224482536316,2195,54,,,,,
0.05500829219818115,2196,54,,,,,
0.05136963352560997,2197,54,,,,,
0.06596659123897552,2198,54,,,,,
0.05687200650572777,2199,54,,,,,
,270,,0.007841038517653942,,,,
,271,,0.1484348475933075,,,,
,272,,0.13796156644821167,,,,
,273,,0.0050933342427015305,,,,
,274,,0.002284781076014042,,,,
,2199,54,,0.06032311171293259,,,
,2199,54,,,0.9750000238418579,0.04107654094696045,0.800000011920929
0.04838009551167488,2200,55,,,,,
0.04167330637574196,2201,55,,,,,
0.03142336755990982,2202,55,,,,,
0.05902392044663429,2203,55,,,,,
0.009840859100222588,2204,55,,,,,
0.02212608978152275,2205,55,,,,,
0.01355105172842741,2206,55,,,,,
0.020660782232880592,2207,55,,,,,
0.03453068062663078,2208,55,,,,,
0.020130883902311325,2209,55,,,,,
0.0018312644679099321,2210,55,,,,,
0.04668513685464859,2211,55,,,,,
0.03191130608320236,2212,55,,,,,
0.023603148758411407,2213,55,,,,,
0.021771082654595375,2214,55,,,,,
0.039259474724531174,2215,55,,,,,
0.004649479873478413,2216,55,,,,,
0.037908799946308136,2217,55,,,,,
0.015317077748477459,2218,55,,,,,
0.06358858197927475,2219,55,,,,,
0.08690168708562851,2220,55,,,,,
0.030559329316020012,2221,55,,,,,
0.050324566662311554,2222,55,,,,,
0.011465052142739296,2223,55,,,,,
0.06362191587686539,2224,55,,,,,
0.022577935829758644,2225,55,,,,,
0.018688928335905075,2226,55,,,,,
0.02434123121201992,2227,55,,,,,
0.056392136961221695,2228,55,,,,,
0.022691482678055763,2229,55,,,,,
0.052339572459459305,2230,55,,,,,
0.030805014073848724,2231,55,,,,,
0.04695424064993858,2232,55,,,,,
0.01606306992471218,2233,55,,,,,
0.05157787725329399,2234,55,,,,,
0.024048635736107826,2235,55,,,,,
0.08031712472438812,2236,55,,,,,
0.04504784569144249,2237,55,,,,,
0.033351607620716095,2238,55,,,,,
0.024665800854563713,2239,55,,,,,
,275,,0.008674180135130882,,,,
,276,,0.1942157745361328,,,,
,277,,0.11091101914644241,,,,
,278,,0.013299709185957909,,,,
,279,,0.0013531030854210258,,,,
,2239,55,,0.06569075584411621,,,
,2239,55,,,0.949999988079071,0.03451504185795784,0.800000011920929
0.04560113325715065,2240,56,,,,,
0.027297519147396088,2241,56,,,,,
0.006216856651008129,2242,56,,,,,
0.026164958253502846,2243,56,,,,,
0.014449918642640114,2244,56,,,,,
0.01446538046002388,2245,56,,,,,
0.030835548415780067,2246,56,,,,,
0.03881281986832619,2247,56,,,,,
0.027238165959715843,2248,56,,,,,
0.05272720381617546,2249,56,,,,,
0.01957015134394169,2250,56,,,,,
0.059333886951208115,2251,56,,,,,
0.004559573717415333,2252,56,,,,,
0.012844335287809372,2253,56,,,,,
0.07674477249383926,2254,56,,,,,
0.01941351592540741,2255,56,,,,,
0.05870269611477852,2256,56,,,,,
0.03873061388731003,2257,56,,,,,
0.019061939790844917,2258,56,,,,,
0.027439238503575325,2259,56,,,,,
0.011093960143625736,2260,56,,,,,
0.028855979442596436,2261,56,,,,,
0.07284708321094513,2262,56,,,,,
0.026826966553926468,2263,56,,,,,
0.01774257980287075,2264,56,,,,,
0.012104508467018604,2265,56,,,,,
0.04287668317556381,2266,56,,,,,
0.01859707199037075,2267,56,,,,,
0.005148373078554869,2268,56,,,,,
0.026653075590729713,2269,56,,,,,
0.025699138641357422,2270,56,,,,,
0.039593372493982315,2271,56,,,,,
0.05358418822288513,2272,56,,,,,
0.0015758653171360493,2273,56,,,,,
0.03933024778962135,2274,56,,,,,
0.04163355007767677,2275,56,,,,,
0.039036352187395096,2276,56,,,,,
0.00806213729083538,2277,56,,,,,
0.06585574895143509,2278,56,,,,,
0.016794200986623764,2279,56,,,,,
,280,,0.009575177915394306,,,,
,281,,0.20894427597522736,,,,
,282,,0.09448446333408356,,,,
,283,,0.0065535325556993484,,,,
,284,,0.0018707524286583066,,,,
,2279,56,,0.06428563594818115,,,
,2279,56,,,1.0,0.030353030189871788,0.800000011920929
0.028397930786013603,2280,57,,,,,
0.013694355264306068,2281,57,,,,,
0.018641546368598938,2282,57,,,,,
0.027904123067855835,2283,57,,,,,
0.047700364142656326,2284,57,,,,,
0.03931471332907677,2285,57,,,,,
0.05633274465799332,2286,57,,,,,
0.04814441502094269,2287,57,,,,,
0.02616305463016033,2288,57,,,,,
0.017984287813305855,2289,57,,,,,
0.08990275114774704,2290,57,,,,,
0.011712266132235527,2291,57,,,,,
0.011168772354722023,2292,57,,,,,
0.03217972442507744,2293,57,,,,,
0.006051588803529739,2294,57,,,,,
0.028112687170505524,2295,57,,,,,
0.040484506636857986,2296,57,,,,,
0.02636287361383438,2297,57,,,,,
0.07970423251390457,2298,57,,,,,
0.012477807700634003,2299,57,,,,,
0.03237852454185486,2300,57,,,,,
0.022785848006606102,2301,57,,,,,
0.020579157397150993,2302,57,,,,,
0.002430347725749016,2303,57,,,,,
0.025018062442541122,2304,57,,,,,
0.0319974385201931,2305,57,,,,,
0.028573304414749146,2306,57,,,,,
0.0018387791933491826,2307,57,,,,,
0.062118422240018845,2308,57,,,,,
0.017053132876753807,2309,57,,,,,
0.018271643668413162,2310,57,,,,,
0.0036121373996138573,2311,57,,,,,
0.016199663281440735,2312,57,,,,,
0.012860763818025589,2313,57,,,,,
0.009138298220932484,2314,57,,,,,
0.04610711336135864,2315,57,,,,,
0.004612491466104984,2316,57,,,,,
0.0359409935772419,2317,57,,,,,
0.019252760335803032,2318,57,,,,,
0.020981691777706146,2319,57,,,,,
,285,,0.006830932106822729,,,,
,286,,0.19198861718177795,,,,
,287,,0.11701074242591858,,,,
,288,,0.00585950305685401,,,,
,289,,0.0012655328027904034,,,,
,2319,57,,0.06459106504917145,,,
,2319,57,,,1.0,0.027354631572961807,0.800000011920929
0.03648186847567558,2320,58,,,,,
0.018888749182224274,2321,58,,,,,
0.016761478036642075,2322,58,,,,,
0.00771636376157403,2323,58,,,,,
0.03775998577475548,2324,58,,,,,
0.040568869560956955,2325,58,,,,,
0.04086817428469658,2326,58,,,,,
0.019721854478120804,2327,58,,,,,
0.02253999374806881,2328,58,,,,,
0.02123287506401539,2329,58,,,,,
0.015776989981532097,2330,58,,,,,
0.022383781149983406,2331,58,,,,,
0.024074383080005646,2332,58,,,,,
0.020623832941055298,2333,58,,,,,
0.013751661404967308,2334,58,,,,,
0.007517323363572359,2335,58,,,,,
0.0614594966173172,2336,58,,,,,
0.034215591847896576,2337,58,,,,,
0.026192372664809227,2338,58,,,,,
0.013801448978483677,2339,58,,,,,
0.0013717814581468701,2340,58,,,,,
0.012611882761120796,2341,58,,,,,
0.020410969853401184,2342,58,,,,,
0.0303528793156147,2343,58,,,,,
0.05804148316383362,2344,58,,,,,
0.008300719782710075,2345,58,,,,,
0.011929376982152462,2346,58,,,,,
0.014985845424234867,2347,58,,,,,
0.10611044615507126,2348,58,,,,,
0.06458652019500732,2349,58,,,,,
0.019464557990431786,2350,58,,,,,
0.025101805105805397,2351,58,,,,,
0.06440023332834244,2352,58,,,,,
0.0027523525059223175,2353,58,,,,,
0.005916594062000513,2354,58,,,,,
0.02023252099752426,2355,58,,,,,
0.025786297395825386,2356,58,,,,,
0.038154490292072296,2357,58,,,,,
0.012787208892405033,2358,58,,,,,
0.07942023128271103,2359,58,,,,,
,290,,0.006162571255117655,,,,
,291,,0.17434026300907135,,,,
,292,,0.13264797627925873,,,,
,293,,0.005973468534648418,,,,
,294,,0.003804101375862956,,,,
,2359,58,,0.06458567082881927,,,
,2359,58,,,1.0,0.02812638320028782,0.824999988079071
0.04744015634059906,2360,59,,,,,
0.07247252762317657,2361,59,,,,,
0.030974624678492546,2362,59,,,,,
0.049139801412820816,2363,59,,,,,
0.029126066714525223,2364,59,,,,,
0.04356743395328522,2365,59,,,,,
0.0007676987443119287,2366,59,,,,,
0.02397766150534153,2367,59,,,,,
0.005936230067163706,2368,59,,,,,
0.004541232716292143,2369,59,,,,,
0.03423198685050011,2370,59,,,,,
0.008900100365281105,2371,59,,,,,
0.068122498691082,2372,59,,,,,
0.0201092716306448,2373,59,,,,,
0.019017497077584267,2374,59,,,,,
0.08421101421117783,2375,59,,,,,
0.026505786925554276,2376,59,,,,,
0.026774661615490913,2377,59,,,,,
0.002088443608954549,2378,59,,,,,
0.03299246355891228,2379,59,,,,,
0.0036187709774821997,2380,59,,,,,
0.03096896782517433,2381,59,,,,,
0.03345460817217827,2382,59,,,,,
0.008767519146203995,2383,59,,,,,
0.01792222447693348,2384,59,,,,,
0.03580832853913307,2385,59,,,,,
0.019941138103604317,2386,59,,,,,
0.02009519375860691,2387,59,,,,,
0.013550907373428345,2388,59,,,,,
0.01046772114932537,2389,59,,,,,
0.022939538583159447,2390,59,,,,,
0.015736259520053864,2391,59,,,,,
0.010842079296708107,2392,59,,,,,
0.0005629960214719176,2393,59,,,,,
0.05311397835612297,2394,59,,,,,
0.04434400424361229,2395,59,,,,,
0.03582920879125595,2396,59,,,,,
0.003537117037922144,2397,59,,,,,
0.004081870894879103,2398,59,,,,,
0.019170746207237244,2399,59,,,,,
,295,,0.007262056693434715,,,,
,296,,0.192580446600914,,,,
,297,,0.14592166244983673,,,,
,298,,0.0054565174505114555,,,,
,299,,0.0017125533195212483,,,,
,2399,59,,0.07058664411306381,,,
,2399,59,,,1.0,0.0258912555873394,0.800000011920929
0.035658687353134155,2400,60,,,,,
0.06320995092391968,2401,60,,,,,
0.03485182300209999,2402,60,,,,,
0.01712718978524208,2403,60,,,,,
0.00024102475435938686,2404,60,,,,,
0.026458630338311195,2405,60,,,,,
0.024741284549236298,2406,60,,,,,
0.008158481679856777,2407,60,,,,,
0.007482633460313082,2408,60,,,,,
0.0012254229513928294,2409,60,,,,,
0.01190434955060482,2410,60,,,,,
0.007509969640523195,2411,60,,,,,
0.05631096288561821,2412,60,,,,,
0.025559628382325172,2413,60,,,,,
0.016440847888588905,2414,60,,,,,
0.015173102729022503,2415,60,,,,,
0.022358473390340805,2416,60,,,,,
0.009763521142303944,2417,60,,,,,
0.011817162856459618,2418,60,,,,,
0.04603114351630211,2419,60,,,,,
0.055713433772325516,2420,60,,,,,
0.001001704833470285,2421,60,,,,,
0.021099941805005074,2422,60,,,,,
0.012920982204377651,2423,60,,,,,
0.03515120595693588,2424,60,,,,,
0.10567937791347504,2425,60,,,,,
0.01493359636515379,2426,60,,,,,
0.043922871351242065,2427,60,,,,,
0.06355928629636765,2428,60,,,,,
0.00449020741507411,2429,60,,,,,
0.017093408852815628,2430,60,,,,,
0.01178862527012825,2431,60,,,,,
0.03620598837733269,2432,60,,,,,
0.011060289107263088,2433,60,,,,,
0.03318089246749878,2434,60,,,,,
0.011110530234873295,2435,60,,,,,
0.03304312378168106,2436,60,,,,,
0.06250736862421036,2437,60,,,,,
0.033099930733442307,2438,60,,,,,
0.0949467271566391,2439,60,,,,,
,300,,0.006398090627044439,,,,
,301,,0.22263316810131073,,,,
,302,,0.12340303510427475,,,,
,303,,0.007242851424962282,,,,
,304,,0.0008766453829593956,,,,
,2439,60,,0.07211075723171234,,,
,2439,60,,,1.0,0.028613343834877014,0.800000011920929
